4.382224964369999725e+03,-7.547503582760000427e+02,-9.009122607350000180e+02,-7.178825498429999925e+02,-5.635550941879999698e+01,-1.803101814629999922e+02,-6.702971475580000060e+01,3.347916982139999931e+01,-2.706444527229999863e+01,-3.313380696429999972e+01,-1.129597488109999937e+01,-9.372579997240000349e-01,-4.347917686640000312e+01,-5.870967920540000051e+01,-1.218508744359999980e+02
-7.547503582760000427e+02,1.156486538229999951e+03,-2.496998529029999929e+02,-8.141216263229999583e+00,-1.035576280500000053e+02,-7.304390826009999671e+01,-5.328480100689999688e+01,-5.388761868200000293e+01,4.438602829269999717e+01,1.039685534050000015e+01,1.763814368939999966e+01,-2.844589355360000127e+01,9.257592820839999348e+00,1.569702591959999971e+01,8.982764881110000488e+00
-9.009122607350000180e+02,-2.496998529029999929e+02,8.001546801289999848e+02,2.240071435309999970e+02,3.517705359520000030e+01,4.337480691279999689e+01,3.219370022030000111e+00,-1.486672834049999992e+01,-3.784001736039999741e+01,1.343362233480000079e+01,-2.111965542089999925e-01,9.327990345139999917e+00,5.265994415490000335e+01,3.852904970350000013e+01,5.951013933910000020e+01
-7.178825498429999925e+02,-8.141216263229999583e+00,2.240071435309999970e+02,3.549690561279999770e+02,3.868467115709999860e+01,3.472830736779999938e+01,2.914906245179999900e+01,-1.618087352890000119e+01,-2.328346614859999875e+01,-2.091420376050000129e+01,-2.400365206600000079e+01,2.009473882669999867e+01,-1.770899799419999976e+00,1.441279633369999935e+01,4.770359759280000134e+01
-5.635550941879999698e+01,-1.035576280500000053e+02,3.517705359520000030e+01,3.868467115709999860e+01,2.145034217719999958e+02,3.979017391499999690e+01,-1.651975727720000009e+01,-4.482804218050000067e+00,-1.264077051609999991e+01,2.061047031130000207e+00,-9.989050945860000752e+00,1.004061397020000079e+01,-1.166036410619999941e+01,-2.382820401050000036e+00,-9.641916707789999208e+00
-1.803101814629999922e+02,-7.304390826009999671e+01,4.337480691279999689e+01,3.472830736779999938e+01,3.979017391499999690e+01,1.002588816789999981e+02,4.164495823810000275e+01,4.781302081159999773e+00,-1.682125130009999836e+01,-1.397764169870000073e+00,5.035474240780000166e-01,6.153987544329999615e-01,-5.593174417680000232e+00,-4.853555648869999573e+00,1.014243906800000039e-01
-6.702971475580000060e+01,-5.328480100689999688e+01,3.219370022030000111e+00,2.914906245179999900e+01,-1.651975727720000009e+01,4.164495823810000275e+01,1.046184489829999933e+02,2.252769779670000005e+01,5.336503722399999816e+00,-1.332081734920000038e+01,-5.990674389129999611e+00,4.121716318609999874e+00,-1.503448908390000049e+01,-1.235417455259999997e+01,6.182226831480000406e+00
3.347916982139999931e+01,-5.388761868200000293e+01,-1.486672834049999992e+01,-1.618087352890000119e+01,-4.482804218050000067e+00,4.781302081159999773e+00,2.252769779670000005e+01,8.897143899869999473e+01,2.853662719900000155e+01,9.522269986059999525e+00,1.228259038860000096e+00,-6.166317307979999995e+00,2.120237119070000009e+00,-6.225683313040000222e+00,-2.418465501400000051e+00
-2.706444527229999863e+01,4.438602829269999717e+01,-3.784001736039999741e+01,-2.328346614859999875e+01,-1.264077051609999991e+01,-1.682125130009999836e+01,5.336503722399999816e+00,2.853662719900000155e+01,8.639692911289999699e+01,3.231982776880000330e+01,5.575864799529999694e+00,-5.811586786190000353e+00,-8.233533967650000562e+00,6.622090500619999709e+00,3.298869260440000062e+00
-3.313380696429999972e+01,1.039685534050000015e+01,1.343362233480000079e+01,-2.091420376050000129e+01,2.061047031130000207e+00,-1.397764169870000073e+00,-1.332081734920000038e+01,9.522269986059999525e+00,3.231982776880000330e+01,7.344115201990000230e+01,2.576006328940000145e+01,-3.933397884830000191e+00,2.036369992779999971e-01,6.304562854110000281e+00,1.173713582069999983e+00
-1.129597488109999937e+01,1.763814368939999966e+01,-2.111965542089999925e-01,-2.400365206600000079e+01,-9.989050945860000752e+00,5.035474240780000166e-01,-5.990674389129999611e+00,1.228259038860000096e+00,5.575864799529999694e+00,2.576006328940000145e+01,5.475744096359999702e+01,1.490904289100000035e+01,6.147259837440000041e+00,-3.512106828679999904e+00,-2.444881013289999849e+00
-9.372579997240000349e-01,-2.844589355360000127e+01,9.327990345139999917e+00,2.009473882669999867e+01,1.004061397020000079e+01,6.153987544329999615e-01,4.121716318609999874e+00,-6.166317307979999995e+00,-5.811586786190000353e+00,-3.933397884830000191e+00,1.490904289100000035e+01,5.607839544960000211e+01,1.319321415289999955e+01,-2.544843819690000064e+00,2.826126719799999965e+00
-4.347917686640000312e+01,9.257592820839999348e+00,5.265994415490000335e+01,-1.770899799419999976e+00,-1.166036410619999941e+01,-5.593174417680000232e+00,-1.503448908390000049e+01,2.120237119070000009e+00,-8.233533967650000562e+00,2.036369992779999971e-01,6.147259837440000041e+00,1.319321415289999955e+01,5.976308667029999810e+01,2.086348208649999947e+01,5.357075113389999643e+00
-5.870967920540000051e+01,1.569702591959999971e+01,3.852904970350000013e+01,1.441279633369999935e+01,-2.382820401050000036e+00,-4.853555648869999573e+00,-1.235417455259999997e+01,-6.225683313040000222e+00,6.622090500619999709e+00,6.304562854110000281e+00,-3.512106828679999904e+00,-2.544843819690000064e+00,2.086348208649999947e+01,5.388021563609999731e+01,2.095361090080000110e+01
-1.218508744359999980e+02,8.982764881110000488e+00,5.951013933910000020e+01,4.770359759280000134e+01,-9.641916707789999208e+00,1.014243906800000039e-01,6.182226831480000406e+00,-2.418465501400000051e+00,3.298869260440000062e+00,1.173713582069999983e+00,-2.444881013289999849e+00,2.826126719799999965e+00,5.357075113389999643e+00,2.095361090080000110e+01,5.200992662830000057e+01
2.350377617160000227e+03,4.857152098230000092e+02,-2.391685338640000111e+02,-2.075988395480000008e+02,-1.799879281709999930e+02,-1.145596015179999938e+02,-1.365078939260000084e+02,-1.646519720839999934e+02,-1.127713140799999962e+02,-1.589353559580000024e+02,-1.154706910139999962e+02,-8.483066958850000105e+01,-1.395762486039999999e+02,7.131744173899999595e+00,9.983069780889999834e+01
4.857152098230000092e+02,1.243084330110000110e+03,1.099834293189999954e+02,-1.054995948309999960e+02,-6.055332821439999691e+01,-5.631867913220000332e+01,-4.611347694060000180e+01,-9.759232868360000168e+01,-1.132491830209999932e+02,-7.553338857360000702e+01,-7.339388173179999342e+01,-1.121709703669999953e+02,-5.598163670470000142e+01,8.813716071460000023e+01,5.956812489170000191e+01
-2.391685338640000111e+02,1.099834293189999954e+02,2.599343604690000120e+02,1.039236845479999971e+02,4.935489108840000227e+01,3.127961153309999887e+01,3.389447763729999963e+01,1.484745929500000017e+01,2.555697907279999903e+00,-2.570367120699999841e+00,-1.384976219079999993e+01,-6.955669473779999556e+00,1.580606299689999972e+01,1.457840566369999991e+01,1.407921152700000000e+01
-2.075988395480000008e+02,-1.054995948309999960e+02,1.039236845479999971e+02,2.343266383229999974e+02,1.250818917240000019e+02,7.916230403580000186e+00,6.035061456810000280e+00,2.764036499790000079e+01,-1.361842570799999930e+00,-1.567607486770000058e+00,-1.707091620630000151e+01,1.048620205539999972e+01,1.099593415970000088e+01,2.050977181720000167e-02,5.649150569599999727e+00
-1.799879281709999930e+02,-6.055332821439999691e+01,4.935489108840000227e+01,1.250818917240000019e+02,1.608520835930000032e+02,2.932201091299999973e+01,2.201746341859999845e+00,1.349419297849999921e+01,1.216947047380000058e+01,1.576156273520000006e+01,5.946801305169999857e-02,7.867670432149999726e+00,2.449947117999999868e+00,-1.633547208159999986e+00,8.855184488209999927e+00
-1.145596015179999938e+02,-5.631867913220000332e+01,3.127961153309999887e+01,7.916230403580000186e+00,2.932201091299999973e+01,9.880232182739999303e+01,5.228544504319999930e+01,1.558216323509999945e+01,3.304645386779999683e+01,1.840826963590000176e+01,1.252206015980000053e+01,9.280152190909999987e+00,7.069640315710000067e+00,-2.953410577870000164e+00,-2.601017705749999909e+00
-1.365078939260000084e+02,-4.611347694060000180e+01,3.389447763729999963e+01,6.035061456810000280e+00,2.201746341859999845e+00,5.228544504319999930e+01,1.045322685910000047e+02,6.463950061200000619e+01,2.702306653440000161e+01,1.888732982759999857e+01,1.665983355279999856e+01,1.922824780479999873e+01,1.482671207089999932e+01,-7.830026225240000137e+00,-2.200190377090000204e+00
-1.646519720839999934e+02,-9.759232868360000168e+01,1.484745929500000017e+01,2.764036499790000079e+01,1.349419297849999921e+01,1.558216323509999945e+01,6.463950061200000619e+01,1.027508223629999975e+02,4.529763656059999732e+01,1.728275053580000176e+01,1.510609919630000064e+01,2.262879289920000048e+01,1.443175213239999977e+01,-1.321654588530000041e+01,-6.914672196549999761e+00
-1.127713140799999962e+02,-1.132491830209999932e+02,2.555697907279999903e+00,-1.361842570799999930e+00,1.216947047380000058e+01,3.304645386779999683e+01,2.702306653440000161e+01,4.529763656059999732e+01,1.139896168439999968e+02,5.520560255590000054e+01,1.925823393650000170e+01,1.066029766559999992e+01,8.380363041849999917e+00,-1.000273988490000043e+00,2.357758035969999888e+00
-1.589353559580000024e+02,-7.553338857360000702e+01,-2.570367120699999841e+00,-1.567607486770000058e+00,1.576156273520000006e+01,1.840826963590000176e+01,1.888732982759999857e+01,1.728275053580000176e+01,5.520560255590000054e+01,9.395864364690000059e+01,5.159828516879999682e+01,9.841570910039999731e+00,1.623468596829999910e+01,6.320512127229999777e+00,-3.351038876260000077e+00
-1.154706910139999962e+02,-7.339388173179999342e+01,-1.384976219079999993e+01,-1.707091620630000151e+01,5.946801305169999857e-02,1.252206015980000053e+01,1.665983355279999856e+01,1.510609919630000064e+01,1.925823393650000170e+01,5.159828516879999682e+01,7.756753716459999737e+01,3.162641558300000000e+01,8.502943489230000651e+00,-7.577724371220000421e+00,-8.401387695589999538e+00
-8.483066958850000105e+01,-1.121709703669999953e+02,-6.955669473779999556e+00,1.048620205539999972e+01,7.867670432149999726e+00,9.280152190909999987e+00,1.922824780479999873e+01,2.262879289920000048e+01,1.066029766559999992e+01,9.841570910039999731e+00,3.162641558300000000e+01,6.281822628340000136e+01,2.079476876680000075e+01,-1.119024952860000077e+01,-5.048598758119999808e+00
-1.395762486039999999e+02,-5.598163670470000142e+01,1.580606299689999972e+01,1.099593415970000088e+01,2.449947117999999868e+00,7.069640315710000067e+00,1.482671207089999932e+01,1.443175213239999977e+01,8.380363041849999917e+00,1.623468596829999910e+01,8.502943489230000651e+00,2.079476876680000075e+01,6.167275785889999895e+01,1.624972924589999934e+01,-1.250230565590000076e+01
7.131744173899999595e+00,8.813716071460000023e+01,1.457840566369999991e+01,2.050977181720000167e-02,-1.633547208159999986e+00,-2.953410577870000164e+00,-7.830026225240000137e+00,-1.321654588530000041e+01,-1.000273988490000043e+00,6.320512127229999777e+00,-7.577724371220000421e+00,-1.119024952860000077e+01,1.624972924589999934e+01,5.394345477009999712e+01,2.224481297040000172e+01
9.983069780889999834e+01,5.956812489170000191e+01,1.407921152700000000e+01,5.649150569599999727e+00,8.855184488209999927e+00,-2.601017705749999909e+00,-2.200190377090000204e+00,-6.914672196549999761e+00,2.357758035969999888e+00,-3.351038876260000077e+00,-8.401387695589999538e+00,-5.048598758119999808e+00,-1.250230565590000076e+01,2.224481297040000172e+01,5.574244178080000012e+01
4.406515747579999697e+03,-8.111109974559999500e+02,-7.084139970820000372e+02,-1.146637788910000069e+02,-3.051664953360000254e+02,-2.041906637870000054e+02,-2.829546315900000195e+02,-2.124331538620000117e+02,-1.650209013790000085e+02,-6.307501354400000082e+01,-2.810674549710000036e+01,-5.181697490660000227e+01,-1.738295037649999983e+02,-5.160713951460000004e+01,-3.525377199559999752e+01
-8.111109974559999500e+02,1.291311466460000020e+03,-2.432976808909999988e+02,-2.197669002099999886e+02,-4.776509139560000250e+01,-6.226019963339999919e+01,4.640805432359999827e+01,-3.493235494630000204e+01,-2.599601046760000145e+01,-2.841154557850000018e+01,2.351016417130000136e+01,2.568071450320000082e+01,1.360689418609999923e-01,-6.539258610840000152e+00,-2.347393990469999991e+01
-7.084139970820000372e+02,-2.432976808909999988e+02,6.612442898289999675e+02,3.026119962579999978e+01,-2.645487441959999853e+00,1.571824223469999993e+02,6.157811921849999948e+01,7.622210583659999372e+01,3.539801247789999650e+01,3.726059623239999752e+01,1.133625544390000073e+00,5.169774822259999958e+00,6.673394938180000224e+01,4.689379890199999679e+00,2.334698090410000049e+01
-1.146637788910000069e+02,-2.197669002099999886e+02,3.026119962579999978e+01,3.497823440010000127e+02,1.390507731550000017e+02,-5.418151586380000140e+01,-3.075315724269999862e+01,1.297748897259999978e+01,8.038370251619999962e+00,-2.768040967820000020e+01,-2.674656970510000065e+01,2.534282257250000114e+01,1.679528603800000042e+01,9.493822726609999485e-01,1.430621659180000016e+01
-3.051664953360000254e+02,-4.776509139560000250e+01,-2.645487441959999853e+00,1.390507731550000017e+02,2.760285093250000159e+02,-2.358269022760000055e+01,-1.563941695960000011e+01,4.235778568610000150e+01,1.684718072989999982e+01,-1.106771133330000012e+01,-6.059801420560000373e+00,3.056264512479999862e+00,1.954912925489999953e+00,2.362623508260000094e+01,1.900507183790000099e+01
-2.041906637870000054e+02,-6.226019963339999919e+01,1.571824223469999993e+02,-5.418151586380000140e+01,-2.358269022760000055e+01,2.051800895249999996e+02,5.126197184810000351e+01,-1.638506428000000170e+01,2.242960254480000160e+01,2.982481258400000002e+01,1.208679577090000024e+01,1.311379334489999948e+01,-9.973790775079999449e+00,1.693351389979999899e+00,2.369980405880000163e+01
-2.829546315900000195e+02,4.640805432359999827e+01,6.157811921849999948e+01,-3.075315724269999862e+01,-1.563941695960000011e+01,5.126197184810000351e+01,1.373578339999999969e+02,6.065399040310000345e+01,8.463935911509999244e+00,1.098932767340000005e+01,2.631830416620000168e+00,-4.858270487690000139e-01,2.098651553959999916e+01,1.955213380180000016e+00,1.266364272160000048e+01
-2.124331538620000117e+02,-3.493235494630000204e+01,7.622210583659999372e+01,1.297748897259999978e+01,4.235778568610000150e+01,-1.638506428000000170e+01,6.065399040310000345e+01,1.623919729069999960e+02,3.837362382269999728e+01,-1.485576640999999931e+01,-3.256350329360000018e+00,-7.688807780680000370e+00,2.486171292099999874e+01,9.795481586010000186e+00,1.235440990280000051e+01
-1.650209013790000085e+02,-2.599601046760000145e+01,3.539801247789999650e+01,8.038370251619999962e+00,1.684718072989999982e+01,2.242960254480000160e+01,8.463935911509999244e+00,3.837362382269999728e+01,1.053467664209999981e+02,3.669660744099999761e+01,-2.023894374180000177e+00,-1.481741922720000026e+01,1.863401752600000094e+01,1.479453972099999959e+01,-7.662294804410000104e+00
-6.307501354400000082e+01,-2.841154557850000018e+01,3.726059623239999752e+01,-2.768040967820000020e+01,-1.106771133330000012e+01,2.982481258400000002e+01,1.098932767340000005e+01,-1.485576640999999931e+01,3.669660744099999761e+01,1.011485986330000060e+02,1.914744787680000115e+01,-8.648817706530000038e+00,9.495875053289999812e+00,8.666402344370000677e+00,6.406025406940000444e+00
-2.810674549710000036e+01,2.351016417130000136e+01,1.133625544390000073e+00,-2.674656970510000065e+01,-6.059801420560000373e+00,1.208679577090000024e+01,2.631830416620000168e+00,-3.256350329360000018e+00,-2.023894374180000177e+00,1.914744787680000115e+01,7.945252172280000025e+01,1.118330210549999926e+01,-7.414151081500000018e+00,-5.398834052109999782e-01,3.138595926299999839e+00
-5.181697490660000227e+01,2.568071450320000082e+01,5.169774822259999958e+00,2.534282257250000114e+01,3.056264512479999862e+00,1.311379334489999948e+01,-4.858270487690000139e-01,-7.688807780680000370e+00,-1.481741922720000026e+01,-8.648817706530000038e+00,1.118330210549999926e+01,7.871413603850000129e+01,6.466051911320000123e+00,-1.147663698510000074e+01,7.962435567170000006e+00
-1.738295037649999983e+02,1.360689418609999923e-01,6.673394938180000224e+01,1.679528603800000042e+01,1.954912925489999953e+00,-9.973790775079999449e+00,2.098651553959999916e+01,2.486171292099999874e+01,1.863401752600000094e+01,9.495875053289999812e+00,-7.414151081500000018e+00,6.466051911320000123e+00,8.155545144549999748e+01,1.885510418790000031e+01,-1.530598225069999962e+01
-5.160713951460000004e+01,-6.539258610840000152e+00,4.689379890199999679e+00,9.493822726609999485e-01,2.362623508260000094e+01,1.693351389979999899e+00,1.955213380180000016e+00,9.795481586010000186e+00,1.479453972099999959e+01,8.666402344370000677e+00,-5.398834052109999782e-01,-1.147663698510000074e+01,1.885510418790000031e+01,6.457137019920000398e+01,1.870985679700000048e+01
-3.525377199559999752e+01,-2.347393990469999991e+01,2.334698090410000049e+01,1.430621659180000016e+01,1.900507183790000099e+01,2.369980405880000163e+01,1.266364272160000048e+01,1.235440990280000051e+01,-7.662294804410000104e+00,6.406025406940000444e+00,3.138595926299999839e+00,7.962435567170000006e+00,-1.530598225069999962e+01,1.870985679700000048e+01,6.628798022819999858e+01
4.788699792720000005e+03,-4.202837969739999835e+02,-5.739617722159999857e+02,-1.296573995770000067e+02,-3.288710836989999962e+02,-7.576006340220000368e+01,-7.901504094809999934e+00,-9.910243590839999683e+01,-6.482987379889999602e+01,-9.489387995830000477e+01,-8.673089344609999785e+01,-4.042811058829999915e+00,3.270736347300000091e+01,-3.416470060479999660e+01,-1.780410118360000027e+01
-4.202837969739999835e+02,1.512174587369999927e+03,-2.355856164969999895e+02,-1.463518707280000086e+01,-1.614692510349999921e+01,4.751903506309999692e+00,2.166881006059999848e+01,3.400057286109999666e+01,4.071836374080000098e+01,-4.051486189919999958e+01,9.351472525329999996e+01,3.391417644540000254e+01,-7.312240150840000119e+00,-1.115889381250000056e+01,-3.853462524649999832e+00
-5.739617722159999857e+02,-2.355856164969999895e+02,6.741712743279999813e+02,1.294749193879999893e+02,8.036239165230000481e+01,4.870397829859999916e+01,1.182728096169999930e+02,6.260845218829999936e+01,2.865807127989999969e+01,6.319257677769999759e+01,2.249953869060000144e+01,5.281481526320000341e+01,2.720959017219999865e+01,2.746913759579999947e+01,1.161766610779999986e+01
-1.296573995770000067e+02,-1.463518707280000086e+01,1.294749193879999893e+02,3.420372904629999766e+02,1.375555252220000000e+02,3.469481823559999789e+00,1.825274217000000121e+01,4.664377092219999810e+01,4.188969854310000329e+01,6.839724605109999800e+00,-2.527657094959999995e+01,1.087543643979999919e+00,1.947923517659999959e+01,2.783886433900000057e+01,7.019649596009999826e+00
-3.288710836989999962e+02,-1.614692510349999921e+01,8.036239165230000481e+01,1.375555252220000000e+02,2.165276390699999922e+02,2.850024042580000128e+01,-2.313193908110000052e+01,2.709311643840000006e+00,2.782723934439999880e+01,3.788148321380000283e+01,3.090478731820000213e+00,-3.514607488699999838e+00,6.041526994069999823e+00,3.026544960540000062e+01,1.812405433169999824e+01
-7.576006340220000368e+01,4.751903506309999692e+00,4.870397829859999916e+01,3.469481823559999789e+00,2.850024042580000128e+01,1.005159438470000026e+02,3.994893054650000153e+01,-3.140897260410000058e+00,9.773424941949999223e+00,2.790070708689999890e+01,1.377739169810000064e+01,9.611082041090000416e+00,1.412691915859999980e+00,6.726815070879999858e+00,7.001161676019999724e+00
-7.901504094809999934e+00,2.166881006059999848e+01,1.182728096169999930e+02,1.825274217000000121e+01,-2.313193908110000052e+01,3.994893054650000153e+01,1.766522771079999927e+02,7.029316315219999467e+01,1.983818331120000167e+01,2.076227648860000130e+01,5.371208639999999868e+00,2.893848494950000116e+01,5.880513977379999702e+00,-1.996100370670000146e+01,-3.163663030020000266e-01
-9.910243590839999683e+01,3.400057286109999666e+01,6.260845218829999936e+01,4.664377092219999810e+01,2.709311643840000006e+00,-3.140897260410000058e+00,7.029316315219999467e+01,1.034260731779999958e+02,4.341971394910000015e+01,-4.935954694840000156e-01,-7.607740688889999880e+00,9.856020562350000347e+00,7.530084374230000321e+00,-1.256923660970000078e+01,-1.220248469879999931e+01
-6.482987379889999602e+01,4.071836374080000098e+01,2.865807127989999969e+01,4.188969854310000329e+01,2.782723934439999880e+01,9.773424941949999223e+00,1.983818331120000167e+01,4.341971394910000015e+01,1.142273069609999965e+02,5.349306760839999697e+01,1.350444807969999950e+01,7.951076678689999788e+00,-3.281658556789999737e-01,5.031684280480000382e+00,4.121132266850000114e+00
-9.489387995830000477e+01,-4.051486189919999958e+01,6.319257677769999759e+01,6.839724605109999800e+00,3.788148321380000283e+01,2.790070708689999890e+01,2.076227648860000130e+01,-4.935954694840000156e-01,5.349306760839999697e+01,1.084638230529999987e+02,3.972811444970000139e+01,6.081143441810000105e+00,2.212811635190000015e+00,1.341372024870000068e+01,1.542383818100000070e+01
-8.673089344609999785e+01,9.351472525329999996e+01,2.249953869060000144e+01,-2.527657094959999995e+01,3.090478731820000213e+00,1.377739169810000064e+01,5.371208639999999868e+00,-7.607740688889999880e+00,1.350444807969999950e+01,3.972811444970000139e+01,9.688149927210000101e+01,3.079081674580000083e+01,-1.038783159639999898e+00,8.722522779749999344e+00,7.277064540939999659e+00
-4.042811058829999915e+00,3.391417644540000254e+01,5.281481526320000341e+01,1.087543643979999919e+00,-3.514607488699999838e+00,9.611082041090000416e+00,2.893848494950000116e+01,9.856020562350000347e+00,7.951076678689999788e+00,6.081143441810000105e+00,3.079081674580000083e+01,6.820404825609999477e+01,2.495587329680000011e+01,-4.470950211119999906e+00,-2.583949098080000173e+00
3.270736347300000091e+01,-7.312240150840000119e+00,2.720959017219999865e+01,1.947923517659999959e+01,6.041526994069999823e+00,1.412691915859999980e+00,5.880513977379999702e+00,7.530084374230000321e+00,-3.281658556789999737e-01,2.212811635190000015e+00,-1.038783159639999898e+00,2.495587329680000011e+01,6.151287201809999772e+01,2.467569953479999967e+01,4.265734402699999928e-01
-3.416470060479999660e+01,-1.115889381250000056e+01,2.746913759579999947e+01,2.783886433900000057e+01,3.026544960540000062e+01,6.726815070879999858e+00,-1.996100370670000146e+01,-1.256923660970000078e+01,5.031684280480000382e+00,1.341372024870000068e+01,8.722522779749999344e+00,-4.470950211119999906e+00,2.467569953479999967e+01,6.518688630510000337e+01,2.816950319540000081e+01
-1.780410118360000027e+01,-3.853462524649999832e+00,1.161766610779999986e+01,7.019649596009999826e+00,1.812405433169999824e+01,7.001161676019999724e+00,-3.163663030020000266e-01,-1.220248469879999931e+01,4.121132266850000114e+00,1.542383818100000070e+01,7.277064540939999659e+00,-2.583949098080000173e+00,4.265734402699999928e-01,2.816950319540000081e+01,5.535452469620000215e+01
4.118472784939999656e+03,-1.413675150619999954e+02,-1.184634088799999972e+03,-4.825411840570000095e+02,-3.531255307239999865e+02,-2.136421666960000039e+02,-2.160093489589999933e+02,-1.720003894879999962e+02,3.436255327720000086e+00,-1.157206650470000014e-01,-9.671777299149999862e+01,-3.402169533640000054e+01,3.664373644409999997e+01,-2.885501256099999878e+01,-1.501061675360000081e+01
-1.413675150619999954e+02,9.495115417670000397e+02,-2.430483734480000066e+02,-1.182628940710000052e+02,-1.368495605390000094e+02,-4.539766742220000140e+01,-1.818304871000000134e+01,-3.263207038670000060e+01,-5.619456581139999685e+00,3.483251617140000178e+01,-1.693842894579999925e+00,1.880789698110000074e+01,1.508753084690000001e+01,4.518264443470000202e+01,2.661285537369999954e+00
-1.184634088799999972e+03,-2.430483734480000066e+02,8.030665292820000332e+02,1.063551608880000003e+02,1.355789048970000010e+02,5.498901449430000099e+01,9.536577859999999873e+01,7.052780990669999994e+01,-4.891775811219999781e+01,-2.707817198360000077e+01,5.482386415229999699e+01,4.720618440370000002e+01,3.519127446089999722e+01,8.612640053010000685e+00,4.840153533640000205e+01
-4.825411840570000095e+02,-1.182628940710000052e+02,1.063551608880000003e+02,4.616084156349999716e+02,1.561440344089999996e+02,4.805523525680000319e+01,5.129836465930000422e+00,4.451060676680000228e+01,2.314879531369999910e+01,-1.307732725199999990e+01,1.753988511229999858e+01,5.010220273579999883e+01,-1.464944290909999891e+00,1.705293039780000086e+01,2.890694820970000123e+01
-3.531255307239999865e+02,-1.368495605390000094e+02,1.355789048970000010e+02,1.561440344089999996e+02,2.834513311449999833e+02,6.519013335840000423e+01,4.733055212310000037e-01,1.576701206489999940e+01,4.795632324169999805e+01,3.850308523049999820e+00,1.277437839999999980e+01,1.254016078429999936e+01,1.959675590240000176e+01,1.545669107460000014e+01,3.525072216200000241e+01
-2.136421666960000039e+02,-4.539766742220000140e+01,5.498901449430000099e+01,4.805523525680000319e+01,6.519013335840000423e+01,1.441029508020000094e+02,7.028218144410000434e+01,1.649543191060000069e+01,1.588647090349999935e+01,8.721990880919999967e+00,2.342988651770000175e+01,2.028080384779999967e+00,-3.133836244379999858e+00,6.255116653019999973e+00,1.043401724850000001e+01
-2.160093489589999933e+02,-1.818304871000000134e+01,9.536577859999999873e+01,5.129836465930000422e+00,4.733055212310000037e-01,7.028218144410000434e+01,1.371514773639999873e+02,5.333876476689999890e+01,-3.440571512080000116e-01,-7.944180091019999779e+00,2.125211342969999961e+01,1.873316751369999977e+01,1.382369845169999945e+00,-7.862672496970000147e+00,1.623080927779999882e+01
-1.720003894879999962e+02,-3.263207038670000060e+01,7.052780990669999994e+01,4.451060676680000228e+01,1.576701206489999940e+01,1.649543191060000069e+01,5.333876476689999890e+01,1.001057018810000017e+02,2.934253963289999945e+01,5.077862183299999721e+00,1.374100724350000080e+00,2.407316550570000047e+01,8.681647922359999825e+00,-3.339541325299999919e+00,6.531405165019999792e+00
3.436255327720000086e+00,-5.619456581139999685e+00,-4.891775811219999781e+01,2.314879531369999910e+01,4.795632324169999805e+01,1.588647090349999935e+01,-3.440571512080000116e-01,2.934253963289999945e+01,1.327921840900000063e+02,5.648267499100000322e+01,6.034106749270000236e+00,-7.056341386469999755e+00,1.829862342399999875e+01,5.212190028920000273e+00,-8.299874211900000631e+00
-1.157206650470000014e-01,3.483251617140000178e+01,-2.707817198360000077e+01,-1.307732725199999990e+01,3.850308523049999820e+00,8.721990880919999967e+00,-7.944180091019999779e+00,5.077862183299999721e+00,5.648267499100000322e+01,9.496471170130000417e+01,2.707626563159999833e+01,3.967399752559999992e+00,1.149627246550000059e+01,7.599588364959999787e+00,-4.477088364870000170e+00
-9.671777299149999862e+01,-1.693842894579999925e+00,5.482386415229999699e+01,1.753988511229999858e+01,1.277437839999999980e+01,2.342988651770000175e+01,2.125211342969999961e+01,1.374100724350000080e+00,6.034106749270000236e+00,2.707626563159999833e+01,7.916590082279999763e+01,3.365818317619999789e+01,1.208218358270000081e+01,3.465389969009999849e+00,4.492002920150000023e+00
-3.402169533640000054e+01,1.880789698110000074e+01,4.720618440370000002e+01,5.010220273579999883e+01,1.254016078429999936e+01,2.028080384779999967e+00,1.873316751369999977e+01,2.407316550570000047e+01,-7.056341386469999755e+00,3.967399752559999992e+00,3.365818317619999789e+01,8.076752157270000509e+01,3.274053305799999691e+01,5.156457281679999838e+00,1.763405693769999871e+01
3.664373644409999997e+01,1.508753084690000001e+01,3.519127446089999722e+01,-1.464944290909999891e+00,1.959675590240000176e+01,-3.133836244379999858e+00,1.382369845169999945e+00,8.681647922359999825e+00,1.829862342399999875e+01,1.149627246550000059e+01,1.208218358270000081e+01,3.274053305799999691e+01,6.669208487859999934e+01,2.117644652119999904e+01,1.002262865159999983e+01
-2.885501256099999878e+01,4.518264443470000202e+01,8.612640053010000685e+00,1.705293039780000086e+01,1.545669107460000014e+01,6.255116653019999973e+00,-7.862672496970000147e+00,-3.339541325299999919e+00,5.212190028920000273e+00,7.599588364959999787e+00,3.465389969009999849e+00,5.156457281679999838e+00,2.117644652119999904e+01,5.211426036929999839e+01,2.090471547239999950e+01
-1.501061675360000081e+01,2.661285537369999954e+00,4.840153533640000205e+01,2.890694820970000123e+01,3.525072216200000241e+01,1.043401724850000001e+01,1.623080927779999882e+01,6.531405165019999792e+00,-8.299874211900000631e+00,-4.477088364870000170e+00,4.492002920150000023e+00,1.763405693769999871e+01,1.002262865159999983e+01,2.090471547239999950e+01,6.420048232179999559e+01
4.976614150430000336e+03,1.670891732679999961e+02,-6.704659336290000056e+02,-1.336785141230000136e+02,-5.210816197079999768e+01,-1.231306140469999946e+02,-1.636741535220000117e+02,-1.029620758639999991e+02,2.683377565920000052e+01,-6.225000802419999957e+01,3.922809440209999821e+01,9.478743683119999375e+00,-4.815919997430000166e+01,1.086126244989999989e+01,-1.909876829830000133e+01
1.670891732679999961e+02,2.222689461190000202e+03,-4.402754962299999875e+02,-1.196861879479999970e+02,9.283253015440000411e+01,-1.130582233209999998e+02,8.901028371879999668e+01,-3.782380977110000231e+01,1.580059497350000015e+02,-1.018845954060000025e+02,4.124785757229999916e+01,8.113471231089999947e+01,7.047932487490000142e+01,3.278089709990000156e+00,1.281025592449999984e+01
-6.704659336290000056e+02,-4.402754962299999875e+02,8.518148585669999875e+02,2.815011309669999946e+02,8.660017878019999671e+01,1.699971141869999940e+02,6.991226157619999526e+01,1.218920969859999985e+02,-5.175282280580000105e+01,3.696345040829999817e+01,1.534404672830000038e+00,-3.201549133379999912e+00,3.756373337529999645e+01,4.854157997570000305e+01,3.259228320319999739e+01
-1.336785141230000136e+02,-1.196861879479999970e+02,2.815011309669999946e+02,5.995456711140000152e+02,2.184289213680000046e+02,6.073994873819999896e+01,1.379774595149999961e+01,7.124095719640000368e+01,2.005424499760000145e+01,-1.391659586449999964e+01,-1.106392108010000008e+01,-3.037781310260000112e+01,9.520989445599999712e+00,3.475393094279999673e+01,3.667498953279999796e+01
-5.210816197079999768e+01,9.283253015440000411e+01,8.660017878019999671e+01,2.184289213680000046e+02,3.648276926770000159e+02,9.861079136409999535e+01,-2.912911281170000066e+01,2.373000743669999935e+01,2.020076978510000032e+01,3.500780133920000026e+01,1.090947675900000036e+01,5.940114537350000390e+00,2.987048074169999978e+01,2.494208952039999971e+01,3.875852306369999667e+01
-1.231306140469999946e+02,-1.130582233209999998e+02,1.699971141869999940e+02,6.073994873819999896e+01,9.861079136409999535e+01,2.410357218190000026e+02,7.592304076599999973e+01,4.554375436889999662e+01,4.425663722990000082e+01,6.581039193130000342e+01,3.128975221070000146e+01,3.679709149819999681e+01,1.239257508430000065e+01,2.417628729120000131e+01,2.898099042320000152e+01
-1.636741535220000117e+02,8.901028371879999668e+01,6.991226157619999526e+01,1.379774595149999961e+01,-2.912911281170000066e+01,7.592304076599999973e+01,2.235514978550000080e+02,8.961416006870000217e+01,3.673157767339999680e+01,3.232721904350000131e+01,3.308580443360000345e+01,3.194725676479999876e+01,1.870601766020000056e+01,1.575503173510000021e+00,1.158827123320000041e+01
-1.029620758639999991e+02,-3.782380977110000231e+01,1.218920969859999985e+02,7.124095719640000368e+01,2.373000743669999935e+01,4.554375436889999662e+01,8.961416006870000217e+01,1.485940519199999983e+02,2.600423650189999947e+01,6.687067664049999749e+00,3.095264647719999829e+01,1.867010686849999956e+01,1.479791475280000057e+01,1.246478783040000060e+01,1.006617376460000024e+01
2.683377565920000052e+01,1.580059497350000015e+02,-5.175282280580000105e+01,2.005424499760000145e+01,2.020076978510000032e+01,4.425663722990000082e+01,3.673157767339999680e+01,2.600423650189999947e+01,1.706561570499999902e+02,5.064074966919999810e+01,2.978006765969999847e+01,5.029779292199999929e+01,1.389722889419999952e+01,5.361808887059999584e+00,2.051246876569999955e+01
-6.225000802419999957e+01,-1.018845954060000025e+02,3.696345040829999817e+01,-1.391659586449999964e+01,3.500780133920000026e+01,6.581039193130000342e+01,3.232721904350000131e+01,6.687067664049999749e+00,5.064074966919999810e+01,1.800097418150000124e+02,3.857435931189999678e+01,2.171520501759999888e+01,2.924564116430000027e+01,2.049114233419999920e+01,2.822462464810000071e+01
3.922809440209999821e+01,4.124785757229999916e+01,1.534404672830000038e+00,-1.106392108010000008e+01,1.090947675900000036e+01,3.128975221070000146e+01,3.308580443360000345e+01,3.095264647719999829e+01,2.978006765969999847e+01,3.857435931189999678e+01,9.480221193139999514e+01,4.239863377089999830e+01,1.538139333280000010e+01,1.981849446629999889e+01,1.044253075349999982e+01
9.478743683119999375e+00,8.113471231089999947e+01,-3.201549133379999912e+00,-3.037781310260000112e+01,5.940114537350000390e+00,3.679709149819999681e+01,3.194725676479999876e+01,1.867010686849999956e+01,5.029779292199999929e+01,2.171520501759999888e+01,4.239863377089999830e+01,1.032652157400000021e+02,3.816252869249999691e+01,5.769414925639999581e+00,8.080368624929999299e+00
-4.815919997430000166e+01,7.047932487490000142e+01,3.756373337529999645e+01,9.520989445599999712e+00,2.987048074169999978e+01,1.239257508430000065e+01,1.870601766020000056e+01,1.479791475280000057e+01,1.389722889419999952e+01,2.924564116430000027e+01,1.538139333280000010e+01,3.816252869249999691e+01,9.091361135120000370e+01,3.121814396170000094e+01,6.339950881570000085e+00
1.086126244989999989e+01,3.278089709990000156e+00,4.854157997570000305e+01,3.475393094279999673e+01,2.494208952039999971e+01,2.417628729120000131e+01,1.575503173510000021e+00,1.246478783040000060e+01,5.361808887059999584e+00,2.049114233419999920e+01,1.981849446629999889e+01,5.769414925639999581e+00,3.121814396170000094e+01,7.399208758839999689e+01,2.508482651170000111e+01
-1.909876829830000133e+01,1.281025592449999984e+01,3.259228320319999739e+01,3.667498953279999796e+01,3.875852306369999667e+01,2.898099042320000152e+01,1.158827123320000041e+01,1.006617376460000024e+01,2.051246876569999955e+01,2.822462464810000071e+01,1.044253075349999982e+01,8.080368624929999299e+00,6.339950881570000085e+00,2.508482651170000111e+01,6.385669961840000042e+01
7.132126330160000180e+03,-1.290346103429999971e+02,-9.775367300010000235e+02,-2.987205847769999991e+02,-3.149710126300000184e+02,-2.540329133099999979e+02,-1.665630267550000099e+02,-2.327530636749999928e+02,-2.720505301909999929e+01,3.021261438730000037e+01,-7.838907315720000213e+01,4.156520231940000087e+01,-1.297278915290000079e+01,-3.434811664880000137e+01,-1.954961607959999981e+01
-1.290346103429999971e+02,1.940100313590000042e+03,-3.361799934520000193e+02,-1.388911565409999866e+02,3.180292647199999934e+01,-2.003561037869999950e+02,6.951112374540000083e+00,7.261425525970000194e+01,-1.461490602259999889e+02,1.060756232210000007e+02,2.666081072740000124e+01,2.804594269069999868e+01,6.674154205390000527e+01,-3.315965136150000347e+01,1.428092242760000019e+01
-9.775367300010000235e+02,-3.361799934520000193e+02,1.195882605900000044e+03,1.883944569660000070e+02,2.196291082159999917e+02,4.082472610940000095e+02,2.091367274019999911e+02,2.059806207389999884e+02,1.624192583299999910e+02,1.761494430489999985e+01,1.425484214230000077e+02,4.792484768850000165e+01,9.833027624259999300e+01,1.084746849450000070e+02,5.759342597599999891e+01
-2.987205847769999991e+02,-1.388911565409999866e+02,1.883944569660000070e+02,4.681389666790000206e+02,1.880312612699999875e+02,6.188422228400000336e+01,5.444459996639999844e+01,7.605100381670000331e+01,3.440757352330000174e+01,1.007575101079999946e+01,1.575060931949999965e+00,-7.276501800240000151e+00,2.801531465540000099e+01,2.179728421740000144e+01,-1.312213946319999991e+00
-3.149710126300000184e+02,3.180292647199999934e+01,2.196291082159999917e+02,1.880312612699999875e+02,3.341191748979999829e+02,1.082380273090000031e+02,6.469090531489999307e+01,8.381165764339999669e+01,6.990406887829999505e+01,3.452344839719999925e+01,4.317254628349999734e+01,2.791586857729999949e+01,2.903756762849999973e+01,2.823923762729999964e+01,5.172628629200000105e+00
-2.540329133099999979e+02,-2.003561037869999950e+02,4.082472610940000095e+02,6.188422228400000336e+01,1.082380273090000031e+02,3.341014417330000015e+02,1.115350402779999968e+02,7.797879413809999960e+01,1.082062467639999994e+02,-1.878357336129999888e-01,7.016929012289999434e+01,1.693592095079999993e+01,1.499346968030000049e+01,4.272988541520000183e+01,2.964839084469999975e+01
-1.665630267550000099e+02,6.951112374540000083e+00,2.091367274019999911e+02,5.444459996639999844e+01,6.469090531489999307e+01,1.115350402779999968e+02,1.585026713130000076e+02,7.615949841779999474e+01,4.250292594700000137e+01,3.147454848190000121e+01,5.359512424689999932e+01,3.597799650959999695e+01,4.427727845089999903e+01,2.874982453559999840e+01,2.600208429890000161e+01
-2.327530636749999928e+02,7.261425525970000194e+01,2.059806207389999884e+02,7.605100381670000331e+01,8.381165764339999669e+01,7.797879413809999960e+01,7.615949841779999474e+01,1.721631070619999946e+02,5.638978370179999899e+01,2.514088701620000066e+01,5.220605257609999938e+01,1.916849319849999844e+01,5.520468194109999871e+01,3.330579843759999648e+01,1.281152150780000021e+01
-2.720505301909999929e+01,-1.461490602259999889e+02,1.624192583299999910e+02,3.440757352330000174e+01,6.990406887829999505e+01,1.082062467639999994e+02,4.250292594700000137e+01,5.638978370179999899e+01,1.802718726550000099e+02,3.502926629129999725e+01,4.103618587860000133e+01,2.576479222589999907e+01,6.909799141149999713e+00,3.472301460540000306e+01,7.950631665230000422e+00
3.021261438730000037e+01,1.060756232210000007e+02,1.761494430489999985e+01,1.007575101079999946e+01,3.452344839719999925e+01,-1.878357336129999888e-01,3.147454848190000121e+01,2.514088701620000066e+01,3.502926629129999725e+01,1.197182627039999971e+02,5.281492130040000177e+01,2.370041463740000154e+01,3.339271143269999698e+01,2.027437437009999854e+01,2.044231998549999929e+01
-7.838907315720000213e+01,2.666081072740000124e+01,1.425484214230000077e+02,1.575060931949999965e+00,4.317254628349999734e+01,7.016929012289999434e+01,5.359512424689999932e+01,5.220605257609999938e+01,4.103618587860000133e+01,5.281492130040000177e+01,1.217983777019999962e+02,4.939324074870000203e+01,3.369038757509999726e+01,2.977194398190000157e+01,1.571063413529999941e+01
4.156520231940000087e+01,2.804594269069999868e+01,4.792484768850000165e+01,-7.276501800240000151e+00,2.791586857729999949e+01,1.693592095079999993e+01,3.597799650959999695e+01,1.916849319849999844e+01,2.576479222589999907e+01,2.370041463740000154e+01,4.939324074870000203e+01,9.395144131440000024e+01,4.970966795679999706e+01,1.432319237499999964e+01,1.803054307440000059e+01
-1.297278915290000079e+01,6.674154205390000527e+01,9.833027624259999300e+01,2.801531465540000099e+01,2.903756762849999973e+01,1.499346968030000049e+01,4.427727845089999903e+01,5.520468194109999871e+01,6.909799141149999713e+00,3.339271143269999698e+01,3.369038757509999726e+01,4.970966795679999706e+01,1.210221642890000027e+02,4.147753034149999962e+01,1.884780764819999987e+01
-3.434811664880000137e+01,-3.315965136150000347e+01,1.084746849450000070e+02,2.179728421740000144e+01,2.823923762729999964e+01,4.272988541520000183e+01,2.874982453559999840e+01,3.330579843759999648e+01,3.472301460540000306e+01,2.027437437009999854e+01,2.977194398190000157e+01,1.432319237499999964e+01,4.147753034149999962e+01,8.455894408059999989e+01,3.509109981339999962e+01
-1.954961607959999981e+01,1.428092242760000019e+01,5.759342597599999891e+01,-1.312213946319999991e+00,5.172628629200000105e+00,2.964839084469999975e+01,2.600208429890000161e+01,1.281152150780000021e+01,7.950631665230000422e+00,2.044231998549999929e+01,1.571063413529999941e+01,1.803054307440000059e+01,1.884780764819999987e+01,3.509109981339999962e+01,8.246803496210000617e+01
