7.989408780599999773e+03,-1.195521182429999953e+03,-6.561717748129999563e+02,4.611229068019999886e+02,-1.578034005359999981e+02,1.113529263500000042e+02,-9.413639888619999851e+01,1.968428565830000032e+00,-5.080451670269999909e+01,-9.052111464499999727e+01,-1.231109790969999978e+02,-1.568911415439999928e+02,-1.714768311830000016e+02,-1.465821559110000010e+02,-2.238135545170000000e+02
-1.195521182429999953e+03,1.154575212729999976e+03,-1.079847623729999953e+02,-2.860316382569999973e+02,-6.649928652469999690e+01,-1.346101732749999940e+02,-2.346395220919999858e+00,-7.525251766339999904e+01,3.323233264390000130e+01,-5.497558017030000244e+00,1.046491646589999931e+02,4.656403739409999787e+01,8.666067757679999772e+01,1.852945472949999939e+01,5.377268738250000268e+01
-6.561717748129999563e+02,-1.079847623729999953e+02,5.603596632620000264e+02,7.254489280849999489e+01,9.934252325869999822e+01,3.084685532079999959e+01,1.389733472940000070e+01,1.405736360130000051e+01,-2.328688310329999922e+01,3.608042834799999810e+01,-3.386954895760000284e+01,3.288201219769999994e+01,-2.637389752549999855e+01,2.964330423959999905e+01,1.504744625230000032e+01
4.611229068019999886e+02,-2.860316382569999973e+02,7.254489280849999489e+01,4.617749268489999963e+02,6.720047400650000213e+01,3.465770156739999663e+01,-5.088078588119999779e+01,-2.700469071370000052e+01,-6.377137612189999771e+01,-2.664352846130000074e+01,-5.152792010070000117e+01,-1.855837438569999875e+01,-3.516179047170000160e+01,-2.103015062640000110e+01,-2.615998107789999949e+01
-1.578034005359999981e+02,-6.649928652469999690e+01,9.934252325869999822e+01,6.720047400650000213e+01,1.687629826749999893e+02,1.666656888050000163e+01,3.085775652099999888e+01,-9.836122162829999738e+00,-1.284871849860000026e+01,-2.133197370939999971e+01,-2.960087862549999826e+01,-1.971698153249999974e+00,-6.287491901240000125e+00,9.297105836529999223e+00,4.791469939159999747e+00
1.113529263500000042e+02,-1.346101732749999940e+02,3.084685532079999959e+01,3.465770156739999663e+01,1.666656888050000163e+01,1.635983443160000093e+02,4.694361472020000292e+01,6.206355786809999842e+01,1.967210840830000151e+01,2.362959087069999953e+01,1.838906597320000058e+00,2.467469750079999802e+00,-8.409095104940000454e+00,9.296907589679999973e+00,-1.087666673260000039e+01
-9.413639888619999851e+01,-2.346395220919999858e+00,1.389733472940000070e+01,-5.088078588119999779e+01,3.085775652099999888e+01,4.694361472020000292e+01,9.715571730400000661e+01,4.869718974620000296e+01,3.493414973689999670e+01,2.872131045840000119e-01,4.958036060350000440e+00,3.061922696859999959e+00,7.724315579229999784e+00,2.759051524080000206e+00,7.158418379589999603e+00
1.968428565830000032e+00,-7.525251766339999904e+01,1.405736360130000051e+01,-2.700469071370000052e+01,-9.836122162829999738e+00,6.206355786809999842e+01,4.869718974620000296e+01,1.140156490119999972e+02,4.929911892549999664e+01,3.110174270110000094e+01,-1.013529376239999991e+01,1.063053082299999952e+00,-7.686253714790000302e+00,4.946814284930000305e+00,-9.708751621119999342e+00
-5.080451670269999909e+01,3.323233264390000130e+01,-2.328688310329999922e+01,-6.377137612189999771e+01,-1.284871849860000026e+01,1.967210840830000151e+01,3.493414973689999670e+01,4.929911892549999664e+01,1.101320671050000044e+02,3.871597018639999987e+01,2.261294693420000002e+01,-8.353890665870000731e+00,1.846756851019999957e+01,-1.372469856759999995e+00,7.662974411279999565e+00
-9.052111464499999727e+01,-5.497558017030000244e+00,3.608042834799999810e+01,-2.664352846130000074e+01,-2.133197370939999971e+01,2.362959087069999953e+01,2.872131045840000119e-01,3.110174270110000094e+01,3.871597018639999987e+01,9.332074877220000531e+01,2.202225938209999967e+01,1.791257102739999851e+01,-1.380517446570000040e+01,7.985645799960000346e+00,-9.258111865729999224e+00
-1.231109790969999978e+02,1.046491646589999931e+02,-3.386954895760000284e+01,-5.152792010070000117e+01,-2.960087862549999826e+01,1.838906597320000058e+00,4.958036060350000440e+00,-1.013529376239999991e+01,2.261294693420000002e+01,2.202225938209999967e+01,9.471974773019999816e+01,2.550562343669999876e+01,2.563810884959999825e+01,-4.199795998969999999e+00,1.073664554299999985e+01
-1.568911415439999928e+02,4.656403739409999787e+01,3.288201219769999994e+01,-1.855837438569999875e+01,-1.971698153249999974e+00,2.467469750079999802e+00,3.061922696859999959e+00,1.063053082299999952e+00,-8.353890665870000731e+00,1.791257102739999851e+01,2.550562343669999876e+01,6.355250915949999779e+01,1.771542397660000034e+01,1.660603152219999856e+01,2.836266499010000164e+00
-1.714768311830000016e+02,8.666067757679999772e+01,-2.637389752549999855e+01,-3.516179047170000160e+01,-6.287491901240000125e+00,-8.409095104940000454e+00,7.724315579229999784e+00,-7.686253714790000302e+00,1.846756851019999957e+01,-1.380517446570000040e+01,2.563810884959999825e+01,1.771542397660000034e+01,8.019065319950000514e+01,2.816259266209999979e+01,2.204660280330000077e+01
-1.465821559110000010e+02,1.852945472949999939e+01,2.964330423959999905e+01,-2.103015062640000110e+01,9.297105836529999223e+00,9.296907589679999973e+00,2.759051524080000206e+00,4.946814284930000305e+00,-1.372469856759999995e+00,7.985645799960000346e+00,-4.199795998969999999e+00,1.660603152219999856e+01,2.816259266209999979e+01,7.270675713120000694e+01,2.640234593630000148e+01
-2.238135545170000000e+02,5.377268738250000268e+01,1.504744625230000032e+01,-2.615998107789999949e+01,4.791469939159999747e+00,-1.087666673260000039e+01,7.158418379589999603e+00,-9.708751621119999342e+00,7.662974411279999565e+00,-9.258111865729999224e+00,1.073664554299999985e+01,2.836266499010000164e+00,2.204660280330000077e+01,2.640234593630000148e+01,6.435934964829999672e+01
4.491214081909999550e+03,-7.063672633260000566e+02,-9.936796967129999985e+02,-2.521190342589999887e+02,-1.394792170089999956e+02,-2.861303954530000055e+02,-5.982311117420000102e+01,-1.424995179549999875e+02,-3.586947885109999845e+00,-4.094965648590000029e+01,1.179780002699999955e+02,-2.286699731740000061e+02,1.638725288359999865e+01,-7.493671034560000521e+01,4.961153495029999583e+00
-7.063672633260000566e+02,1.200075186649999978e+03,-2.799499340539999821e+02,1.076629128399999935e+01,-3.040839158010000176e+01,-1.343598407609999867e+02,8.593617084800000328e+01,-2.494329989759999933e+01,-2.736804492419999946e+01,-2.408323825680000141e+01,2.006058932250000026e+01,3.228172921889999714e+01,6.467982010229999901e+01,-7.208114926360000396e+00,-2.155061337120000076e+01
-9.936796967129999985e+02,-2.799499340539999821e+02,1.126145189049999999e+03,8.277213251359999902e+01,-4.319074883929999942e+00,2.635453528200000051e+02,1.585478377319999943e+01,7.767474005830000294e+01,-9.561194833049999620e-01,-3.420746445349999831e+00,-4.787585067450000054e+01,9.319636569230000589e+01,-7.118092605750000246e+01,2.966003657090000090e+01,2.760861618010000029e+01
-2.521190342589999887e+02,1.076629128399999935e+01,8.277213251359999902e+01,3.363781705650000049e+02,1.378717142929999966e+02,4.469255055850000247e+01,-4.060344016300000192e+01,1.692536705630000071e+01,6.476646739110000439e+00,1.276617330780000081e+01,-2.406090294090000015e+01,2.120324022590000013e+01,-3.101831043880000083e-01,1.140041432529999987e+01,-9.983671618380000723e+00
-1.394792170089999956e+02,-3.040839158010000176e+01,-4.319074883929999942e+00,1.378717142929999966e+02,3.358553310550000219e+02,3.472330488979999785e+01,-8.971598959830000553e+00,-2.523459833029999899e+01,5.838883730530000093e+01,5.275884105690000325e+01,-3.142279758449999960e+01,5.858312883139999983e+00,8.156736555200000183e+00,-3.970202971610000020e+00,3.113264048790000071e+00
-2.861303954530000055e+02,-1.343598407609999867e+02,2.635453528200000051e+02,4.469255055850000247e+01,3.472330488979999785e+01,2.467118452660000116e+02,-1.098546864749999941e+01,5.591164604259999749e+01,-7.532479707300000271e+00,3.217869424650000099e+01,-1.006383633959999990e+01,2.377851214589999884e+01,-3.923051108829999833e+01,2.107657112320000081e+01,1.259454554110000046e+01
-5.982311117420000102e+01,8.593617084800000328e+01,1.585478377319999943e+01,-4.060344016300000192e+01,-8.971598959830000553e+00,-1.098546864749999941e+01,1.574549791590000041e+02,1.674889327340000023e+01,1.963937718400000065e+01,-1.618405366089999831e+01,7.462009013590000350e+00,6.899910083630000024e+00,2.129886250910000101e+01,-3.955931403540000169e+00,9.506958056480000252e+00
-1.424995179549999875e+02,-2.494329989759999933e+01,7.767474005830000294e+01,1.692536705630000071e+01,-2.523459833029999899e+01,5.591164604259999749e+01,1.674889327340000023e+01,1.534005395750000105e+02,3.324030092480000320e+01,2.833266456280000067e+00,-7.275090582149999818e+00,3.922493836060000127e+00,-9.965159242349999502e+00,1.985142130150000028e+01,-6.591328168030000434e+00
-3.586947885109999845e+00,-2.736804492419999946e+01,-9.561194833049999620e-01,6.476646739110000439e+00,5.838883730530000093e+01,-7.532479707300000271e+00,1.963937718400000065e+01,3.324030092480000320e+01,1.327029300320000118e+02,3.322114891609999887e+01,3.409093431200000079e+00,-1.052450358299999955e+01,1.005824758730000035e+01,-6.885406705610000344e+00,1.858457512020000024e+01
-4.094965648590000029e+01,-2.408323825680000141e+01,-3.420746445349999831e+00,1.276617330780000081e+01,5.275884105690000325e+01,3.217869424650000099e+01,-1.618405366089999831e+01,2.833266456280000067e+00,3.322114891609999887e+01,1.186603714889999992e+02,5.249013192809999673e+00,-1.598727930359999938e+00,2.306363255259999967e+00,9.861889887909999430e+00,1.163481182830000016e+01
1.179780002699999955e+02,2.006058932250000026e+01,-4.787585067450000054e+01,-2.406090294090000015e+01,-3.142279758449999960e+01,-1.006383633959999990e+01,7.462009013590000350e+00,-7.275090582149999818e+00,3.409093431200000079e+00,5.249013192809999673e+00,1.003300306539999980e+02,2.990722584969999875e+00,1.869663591189999963e+01,-2.889431260159999848e+00,1.844125848890000086e+01
-2.286699731740000061e+02,3.228172921889999714e+01,9.319636569230000589e+01,2.120324022590000013e+01,5.858312883139999983e+00,2.377851214589999884e+01,6.899910083630000024e+00,3.922493836060000127e+00,-1.052450358299999955e+01,-1.598727930359999938e+00,2.990722584969999875e+00,8.554521660390000193e+01,9.507194027189999730e+00,3.469821796290000204e+00,-3.118114637800000200e+00
1.638725288359999865e+01,6.467982010229999901e+01,-7.118092605750000246e+01,-3.101831043880000083e-01,8.156736555200000183e+00,-3.923051108829999833e+01,2.129886250910000101e+01,-9.965159242349999502e+00,1.005824758730000035e+01,2.306363255259999967e+00,1.869663591189999963e+01,9.507194027189999730e+00,9.999521350780000262e+01,1.278454171289999941e+01,8.587239452160000397e+00
-7.493671034560000521e+01,-7.208114926360000396e+00,2.966003657090000090e+01,1.140041432529999987e+01,-3.970202971610000020e+00,2.107657112320000081e+01,-3.955931403540000169e+00,1.985142130150000028e+01,-6.885406705610000344e+00,9.861889887909999430e+00,-2.889431260159999848e+00,3.469821796290000204e+00,1.278454171289999941e+01,7.391704061590000663e+01,1.256746752429999958e+01
4.961153495029999583e+00,-2.155061337120000076e+01,2.760861618010000029e+01,-9.983671618380000723e+00,3.113264048790000071e+00,1.259454554110000046e+01,9.506958056480000252e+00,-6.591328168030000434e+00,1.858457512020000024e+01,1.163481182830000016e+01,1.844125848890000086e+01,-3.118114637800000200e+00,8.587239452160000397e+00,1.256746752429999958e+01,8.010911760129999948e+01
5.251685296620000372e+03,-8.138184022839999443e+02,-8.347892773749999833e+02,-3.893102326129999824e+02,-3.395082890159999920e+02,-6.142580248489999661e+01,-1.207536771999999985e+02,-1.144963516610000021e+01,-6.442067445429999850e+01,5.296728187349999928e+01,-1.035400565820000054e+02,-1.371382823429999931e+01,-1.434491015599999919e+01,-1.014510412759999980e+02,-5.773892488180000271e+01
-8.138184022839999443e+02,1.386701679689999992e+03,-2.644272721450000176e+02,-1.576327550640000084e+02,4.015229034219999704e+01,-2.123984876670000119e+02,1.742465545880000093e+02,1.892941752240000142e+01,5.251936312790000017e+01,-5.005145726340000323e+01,7.429381234219999897e+01,6.938896970800000119e+00,6.273309100809999705e+01,-5.271357005309999977e+01,7.940827267070000062e+01
-8.347892773749999833e+02,-2.644272721450000176e+02,6.437253261590000193e+02,1.158197991830000007e+02,-9.697093276989999566e+00,1.466905765930000030e+02,-1.792976854750000015e+00,3.668442907139999676e+01,3.863152014839999815e+00,-7.310552234740000266e+00,2.392794817120000062e+01,6.669042193640000171e+00,-3.223364745269999787e+01,8.932231623529999354e+01,4.621115399099999799e+00
-3.893102326129999824e+02,-1.576327550640000084e+02,1.158197991830000007e+02,3.973364104770000154e+02,1.674723241899999948e+02,3.924601883079999709e+01,-3.803815101259999665e+01,-3.549349690399999702e+01,2.518608811710000062e+00,8.398579912669999814e+00,-5.673141656920000031e+01,-2.258477372160000129e+01,-1.698110260500000024e+01,2.136743362640000043e+01,-1.063751032879999975e-01
-3.395082890159999920e+02,4.015229034219999704e+01,-9.697093276989999566e+00,1.674723241899999948e+02,3.595461991550000107e+02,3.928951021539999999e+01,-4.547572649319999982e+01,-4.906538879619999705e+01,2.592631094340000075e+01,2.580353910650000060e+01,-1.299554009599999915e+01,1.038053964820000008e+00,-2.501292637530000196e+00,-9.868264027169999508e+00,-8.213296517649999462e-01
-6.142580248489999661e+01,-2.123984876670000119e+02,1.466905765930000030e+02,3.924601883079999709e+01,3.928951021539999999e+01,2.447179603170000064e+02,1.643356681530000074e+01,7.447968168580000103e+00,-1.622965389300000005e+00,-1.609760398469999965e+00,6.066824640510000144e+00,1.477117373079999929e+01,-4.002039516300000344e+01,3.189803472750000068e+01,-1.835048264230000115e+01
-1.207536771999999985e+02,1.742465545880000093e+02,-1.792976854750000015e+00,-3.803815101259999665e+01,-4.547572649319999982e+01,1.643356681530000074e+01,1.794744321770000113e+02,4.457599442480000107e+01,-7.969774669799999600e+00,-2.883161733989999931e+01,6.724230065269999557e+00,1.282005423989999926e+01,4.476620896000000016e+01,-7.881581186690000074e+00,2.133869237009999864e+01
-1.144963516610000021e+01,1.892941752240000142e+01,3.668442907139999676e+01,-3.549349690399999702e+01,-4.906538879619999705e+01,7.447968168580000103e+00,4.457599442480000107e+01,1.451601703460000010e+02,3.501777022489999780e+01,-8.523476308619999386e+00,1.798207187999999945e+01,2.163250314889999970e+01,1.838975392829999933e+01,3.624238319930000074e+01,-1.436601268499999939e+01
-6.442067445429999850e+01,5.251936312790000017e+01,3.863152014839999815e+00,2.518608811710000062e+00,2.592631094340000075e+01,-1.622965389300000005e+00,-7.969774669799999600e+00,3.501777022489999780e+01,1.352620956970000066e+02,1.348508115309999944e+01,3.579081831399999913e+01,4.041069506370000397e+00,1.204970122789999998e+01,1.868522689319999941e+01,8.063890716660000457e-01
5.296728187349999928e+01,-5.005145726340000323e+01,-7.310552234740000266e+00,8.398579912669999814e+00,2.580353910650000060e+01,-1.609760398469999965e+00,-2.883161733989999931e+01,-8.523476308619999386e+00,1.348508115309999944e+01,1.208166065159999931e+02,2.023497542189999976e+01,8.203017883599999394e+00,4.283553191010000205e+00,-9.446368475219999894e+00,1.481408004180000049e+01
-1.035400565820000054e+02,7.429381234219999897e+01,2.392794817120000062e+01,-5.673141656920000031e+01,-1.299554009599999915e+01,6.066824640510000144e+00,6.724230065269999557e+00,1.798207187999999945e+01,3.579081831399999913e+01,2.023497542189999976e+01,1.429963451039999995e+02,2.322733543009999835e+01,-3.365395233020000099e+00,1.426487618900000065e+01,-9.038177734450000278e-01
-1.371382823429999931e+01,6.938896970800000119e+00,6.669042193640000171e+00,-2.258477372160000129e+01,1.038053964820000008e+00,1.477117373079999929e+01,1.282005423989999926e+01,2.163250314889999970e+01,4.041069506370000397e+00,8.203017883599999394e+00,2.322733543009999835e+01,9.065387399479999431e+01,3.247397739459999855e+01,8.986172754200000057e+00,1.935952909949999884e-02
-1.434491015599999919e+01,6.273309100809999705e+01,-3.223364745269999787e+01,-1.698110260500000024e+01,-2.501292637530000196e+00,-4.002039516300000344e+01,4.476620896000000016e+01,1.838975392829999933e+01,1.204970122789999998e+01,4.283553191010000205e+00,-3.365395233020000099e+00,3.247397739459999855e+01,1.039211426749999987e+02,1.216593608450000019e+01,1.677161862130000003e+01
-1.014510412759999980e+02,-5.271357005309999977e+01,8.932231623529999354e+01,2.136743362640000043e+01,-9.868264027169999508e+00,3.189803472750000068e+01,-7.881581186690000074e+00,3.624238319930000074e+01,1.868522689319999941e+01,-9.446368475219999894e+00,1.426487618900000065e+01,8.986172754200000057e+00,1.216593608450000019e+01,1.152471075170000034e+02,5.027287404510000002e+00
-5.773892488180000271e+01,7.940827267070000062e+01,4.621115399099999799e+00,-1.063751032879999975e-01,-8.213296517649999462e-01,-1.835048264230000115e+01,2.133869237009999864e+01,-1.436601268499999939e+01,8.063890716660000457e-01,1.481408004180000049e+01,-9.038177734450000278e-01,1.935952909949999884e-02,1.677161862130000003e+01,5.027287404510000002e+00,7.235997797790000163e+01
5.615304179759999897e+03,-5.959993402809999452e+02,-9.452871496220000154e+02,-4.230819653500000186e+02,7.550427525509999782e+01,-2.497313134540000021e+02,-3.115535025259999884e+02,-3.878442736100000161e+02,-2.630163507670000058e+02,-2.413289183180000066e+02,7.909799801949999676e+01,2.408233827349999956e+01,5.868630541630000153e+01,-2.477578786240000142e+01,-7.250587911009999686e+01
-5.959993402809999452e+02,1.200490384250000034e+03,-4.090519194980000179e+02,-1.112473865080000053e+02,-7.568788589039999692e+01,-2.357032536080000114e+02,-5.205733615049999941e+01,1.927322582960000119e+01,-9.206409661819999712e+01,-5.771265135379999833e+01,5.535745784110000045e+01,-3.352970312480000104e+01,2.239389741120000110e+01,4.004857425459999831e+01,3.816605383169999755e+01
-9.452871496220000154e+02,-4.090519194980000179e+02,1.167396271049999996e+03,2.658183349579999799e+02,-1.110302546789999951e+02,9.591731772159999991e+01,7.365524123740000562e+01,-3.841431417209999921e+01,4.705369700480000006e+01,6.295307581780000383e+00,-4.527745371849999856e+01,3.527503151980000240e+01,-6.370485663610000238e+00,-3.286793330110000255e+01,-2.422581864030000087e+00
-4.230819653500000186e+02,-1.112473865080000053e+02,2.658183349579999799e+02,2.908746236420000173e+02,3.578454261689999782e+01,6.656768702760000167e+01,-3.179813849029999862e+00,1.319118970419999926e+01,-1.025616744400000080e+01,2.186717719969999862e+01,-4.812218280140000104e+01,4.433571944719999713e+00,-1.853574778890000019e+01,5.233184683000000170e+00,6.007253992199999892e+00
7.550427525509999782e+01,-7.568788589039999692e+01,-1.110302546789999951e+02,3.578454261689999782e+01,2.728008661129999837e+02,-1.257143719000000104e+00,-1.248141153249999924e+01,-3.520819751159999811e+01,1.475660948470000022e+01,-8.684681092430000859e+00,-3.343157133640000112e+00,-1.950249616609999848e+01,-5.491472476620000265e+00,-3.881230691989999926e+00,3.095537426920000001e+00
-2.497313134540000021e+02,-2.357032536080000114e+02,9.591731772159999991e+01,6.656768702760000167e+01,-1.257143719000000104e+00,2.070494679740000095e+02,6.756649830899999642e+01,5.745916022720000171e+01,4.346974836399999731e+01,4.068416375500000015e+01,-4.713412846840000014e+01,2.728731764199999965e+00,-4.580176647300000070e+01,-1.817096450700000076e+01,-8.213570209600000283e+00
-3.115535025259999884e+02,-5.205733615049999941e+01,7.365524123740000562e+01,-3.179813849029999862e+00,-1.248141153249999924e+01,6.756649830899999642e+01,1.967576709530000016e+02,6.659033549740000524e+01,5.937738423809999944e+01,2.265143539889999857e+01,-1.262903323659999977e+01,-2.406035078949999928e+01,2.345411179609999952e-01,-4.148519005920000069e+01,1.094285810270000070e+01
-3.878442736100000161e+02,1.927322582960000119e+01,-3.841431417209999921e+01,1.319118970419999926e+01,-3.520819751159999811e+01,5.745916022720000171e+01,6.659033549740000524e+01,1.406276586909999935e+02,5.219440291069999915e+01,3.129624316649999827e+01,-2.509913939589999998e+01,-1.999668025100000079e+01,-2.588844174169999945e+01,-9.231936383260000767e+00,1.028224797570000071e+00
-2.630163507670000058e+02,-9.206409661819999712e+01,4.705369700480000006e+01,-1.025616744400000080e+01,1.475660948470000022e+01,4.346974836399999731e+01,5.937738423809999944e+01,5.219440291069999915e+01,1.362076719709999963e+02,4.156909420110000042e+01,-1.606750194219999983e+00,-1.560213856260000043e+01,-1.312277511289999943e+01,-2.596957628919999905e+01,6.380596164830000028e+00
-2.413289183180000066e+02,-5.771265135379999833e+01,6.295307581780000383e+00,2.186717719969999862e+01,-8.684681092430000859e+00,4.068416375500000015e+01,2.265143539889999857e+01,3.129624316649999827e+01,4.156909420110000042e+01,1.066942316669999968e+02,-1.571587168670000034e+00,2.216397230429999965e+01,-7.617160207230000424e+00,2.505897270540000221e+00,-4.856667833340000406e+00
7.909799801949999676e+01,5.535745784110000045e+01,-4.527745371849999856e+01,-4.812218280140000104e+01,-3.343157133640000112e+00,-4.713412846840000014e+01,-1.262903323659999977e+01,-2.509913939589999998e+01,-1.606750194219999983e+00,-1.571587168670000034e+00,8.468146821710000438e+01,1.770915760300000130e+01,2.148752814130000033e+01,2.523010878870000084e-01,-2.086046908209999995e-01
2.408233827349999956e+01,-3.352970312480000104e+01,3.527503151980000240e+01,4.433571944719999713e+00,-1.950249616609999848e+01,2.728731764199999965e+00,-2.406035078949999928e+01,-1.999668025100000079e+01,-1.560213856260000043e+01,2.216397230429999965e+01,1.770915760300000130e+01,7.962761078769999301e+01,2.065426806709999852e+01,1.240725499130000031e+01,-1.198134066559999944e+01
5.868630541630000153e+01,2.239389741120000110e+01,-6.370485663610000238e+00,-1.853574778890000019e+01,-5.491472476620000265e+00,-4.580176647300000070e+01,2.345411179609999952e-01,-2.588844174169999945e+01,-1.312277511289999943e+01,-7.617160207230000424e+00,2.148752814130000033e+01,2.065426806709999852e+01,8.114944362219999618e+01,1.353984493019999924e+01,1.522272420329999987e+00
-2.477578786240000142e+01,4.004857425459999831e+01,-3.286793330110000255e+01,5.233184683000000170e+00,-3.881230691989999926e+00,-1.817096450700000076e+01,-4.148519005920000069e+01,-9.231936383260000767e+00,-2.596957628919999905e+01,2.505897270540000221e+00,2.523010878870000084e-01,1.240725499130000031e+01,1.353984493019999924e+01,7.330836969329999420e+01,1.430512390530000033e+01
-7.250587911009999686e+01,3.816605383169999755e+01,-2.422581864030000087e+00,6.007253992199999892e+00,3.095537426920000001e+00,-8.213570209600000283e+00,1.094285810270000070e+01,1.028224797570000071e+00,6.380596164830000028e+00,-4.856667833340000406e+00,-2.086046908209999995e-01,-1.198134066559999944e+01,1.522272420329999987e+00,1.430512390530000033e+01,7.515542875260000244e+01
1.590914730009999948e+04,-1.110520076040000049e+03,-1.749344112700000096e+03,-9.716043816510000397e+02,-5.650434410179999531e+02,-2.956078448569999750e+02,-1.196554933110000007e+02,-1.579328312129999858e+02,-3.960729013729999792e+02,-5.813385302870000260e+01,1.411351434069999868e+02,-2.881228131550000171e+01,6.326230897890000193e+01,-3.092161688510000204e+02,-5.645157761260000129e+00
-1.110520076040000049e+03,1.673754719230000092e+03,-2.973940035780000244e+02,-1.480066130870000052e+02,3.198290326309999898e+01,-1.714885730499999994e+01,8.490152092460000688e+01,4.595533942640000191e+01,-3.156416486979999991e+00,8.880547015059999438e+00,1.339966722780000055e+02,-3.133372194909999919e+01,5.605715722269999901e+01,-6.812643700110000111e+01,1.116256645980000002e+02
-1.749344112700000096e+03,-2.973940035780000244e+02,1.666695816800000102e+03,4.055752118510000059e+02,1.511518966970000122e+02,1.183411324470000068e+02,1.904646883409999987e+02,1.030956770009999985e+02,2.572498800330000108e+02,1.704095432880000089e+02,3.325665093530000149e+01,8.367607729559999541e+01,5.698849009170000102e+01,1.353974648569999886e+02,9.938915828569999888e+00
-9.716043816510000397e+02,-1.480066130870000052e+02,4.055752118510000059e+02,4.573689085959999829e+02,1.467729298090000043e+02,1.026702328899999941e+02,-2.439694426910000047e+01,7.421390238520000082e+01,1.021210845599999999e+02,7.122530929799999910e+01,3.073243251850000135e+00,5.059183132839999786e+01,2.556437274860000031e+01,8.195002176660000259e+01,1.050633871480000003e+01
-5.650434410179999531e+02,3.198290326309999898e+01,1.511518966970000122e+02,1.467729298090000043e+02,3.767304987410000194e+02,3.623788087549999659e+01,3.012259762989999956e+01,-2.016379728909999969e+01,8.490433723980000025e+01,-4.530266426450000239e+01,2.424570939630000055e+01,1.718818554479999960e+01,1.234738722460000027e+01,5.856566837439999773e+01,-1.569395871820000066e+00
-2.956078448569999750e+02,-1.714885730499999994e+01,1.183411324470000068e+02,1.026702328899999941e+02,3.623788087549999659e+01,2.043742776999999933e+02,7.930045117790000120e+01,5.346052384890000297e+01,3.874632539499999950e+01,5.833584251989999814e+01,2.322822019339999855e+01,5.194137541429999949e+00,3.495368709480000291e+01,2.328391229440000032e+01,9.363102915740000753e+00
-1.196554933110000007e+02,8.490152092460000688e+01,1.904646883409999987e+02,-2.439694426910000047e+01,3.012259762989999956e+01,7.930045117790000120e+01,2.443757090770000104e+02,4.879075413569999853e+01,5.033986198849999738e+01,2.877657020550000055e+01,5.956929217559999756e+01,8.284545744140000778e+00,5.155896769030000115e+01,-1.525016242040000058e+01,3.387442241880000182e+01
-1.579328312129999858e+02,4.595533942640000191e+01,1.030956770009999985e+02,7.421390238520000082e+01,-2.016379728909999969e+01,5.346052384890000297e+01,4.879075413569999853e+01,1.457796163970000123e+02,4.747180614039999824e+01,6.873655435450000084e+01,2.866236092109999944e+01,2.711504396730000011e+01,1.277686857009999954e+01,2.338333514360000009e+01,3.223805823480000043e+01
-3.960729013729999792e+02,-3.156416486979999991e+00,2.572498800330000108e+02,1.021210845599999999e+02,8.490433723980000025e+01,3.874632539499999950e+01,5.033986198849999738e+01,4.747180614039999824e+01,1.645064423599999941e+02,6.525462245500000336e+01,3.728673538990000225e+01,8.528931183279999217e+00,2.987644440669999923e+01,4.573911189529999888e+01,2.368647406350000040e+01
-5.813385302870000260e+01,8.880547015059999438e+00,1.704095432880000089e+02,7.122530929799999910e+01,-4.530266426450000239e+01,5.833584251989999814e+01,2.877657020550000055e+01,6.873655435450000084e+01,6.525462245500000336e+01,1.669992504470000085e+02,3.945574372200000113e+01,2.383996776429999898e+01,3.704915988310000330e+01,3.916650284229999812e+01,2.200963185319999837e+01
1.411351434069999868e+02,1.339966722780000055e+02,3.325665093530000149e+01,3.073243251850000135e+00,2.424570939630000055e+01,2.322822019339999855e+01,5.956929217559999756e+01,2.866236092109999944e+01,3.728673538990000225e+01,3.945574372200000113e+01,1.048203601719999938e+02,1.819195358099999993e+01,4.151145760709999877e+01,-4.561246674689999558e+00,3.335902401349999735e+01
-2.881228131550000171e+01,-3.133372194909999919e+01,8.367607729559999541e+01,5.059183132839999786e+01,1.718818554479999960e+01,5.194137541429999949e+00,8.284545744140000778e+00,2.711504396730000011e+01,8.528931183279999217e+00,2.383996776429999898e+01,1.819195358099999993e+01,7.973919380370000454e+01,1.253046288650000051e+01,2.084611576609999872e+01,6.518560235579999862e+00
6.326230897890000193e+01,5.605715722269999901e+01,5.698849009170000102e+01,2.556437274860000031e+01,1.234738722460000027e+01,3.495368709480000291e+01,5.155896769030000115e+01,1.277686857009999954e+01,2.987644440669999923e+01,3.704915988310000330e+01,4.151145760709999877e+01,1.253046288650000051e+01,9.625320626619999587e+01,1.963639919190000072e+01,2.047580667660000131e+01
-3.092161688510000204e+02,-6.812643700110000111e+01,1.353974648569999886e+02,8.195002176660000259e+01,5.856566837439999773e+01,2.328391229440000032e+01,-1.525016242040000058e+01,2.338333514360000009e+01,4.573911189529999888e+01,3.916650284229999812e+01,-4.561246674689999558e+00,2.084611576609999872e+01,1.963639919190000072e+01,1.026458627030000059e+02,1.733453345750000096e+01
-5.645157761260000129e+00,1.116256645980000002e+02,9.938915828569999888e+00,1.050633871480000003e+01,-1.569395871820000066e+00,9.363102915740000753e+00,3.387442241880000182e+01,3.223805823480000043e+01,2.368647406350000040e+01,2.200963185319999837e+01,3.335902401349999735e+01,6.518560235579999862e+00,2.047580667660000131e+01,1.733453345750000096e+01,7.849542439779999370e+01
1.369331116710000060e+03,1.328720321540000100e+02,-1.281597990639999978e+02,-1.188887119339999998e+02,-1.258223908559999984e+02,-1.704314729529999966e+02,-6.986410143080000523e+01,-9.586407556579999323e+01,-2.263574690349999941e+01,-7.868233920149999960e+01,-6.213869273219999911e+01,2.880068735969999949e+01,5.514828390400000302e+01,1.170347257789999951e+01,-1.074799395299999993e+01
1.328720321540000100e+02,4.756603333740000039e+02,-6.633099465559999430e+01,-1.422905986989999860e+02,-1.351505809079999949e+02,-4.307264606999999756e+01,-2.158911124109999946e+01,-6.762355033489999556e+00,-3.552914181530000093e+01,-2.416172011080000104e+01,-6.882436782180000101e+00,-9.376057010400000280e+00,2.042467288390000135e+01,-5.660431869920000025e+00,-2.321354854879999863e+01
-1.281597990639999978e+02,-6.633099465559999430e+01,2.711991243030000192e+02,1.157112705730000002e+01,4.846017758480000026e+01,4.272050042440000084e+01,4.109461361399999646e+01,9.967336405950000255e+00,-6.088898148979999814e-01,2.120181819200000106e+01,-6.062028752839999868e+00,-1.629508979999999951e+01,-1.689735268780000155e+01,-1.073764152809999928e+01,1.916753373910000136e+01
-1.188887119339999998e+02,-1.422905986989999860e+02,1.157112705730000002e+01,2.649736380370000006e+02,1.277867978270000009e+02,4.174264018779999930e+01,2.839971117949999790e+00,-3.702628124349999883e+00,3.485977000390000136e+00,1.477326850410000070e+01,-2.095548553129999902e+01,1.302575256509999946e+01,-1.066687020740000058e+01,1.822290715209999945e+01,-9.848705033750000837e+00
-1.258223908559999984e+02,-1.351505809079999949e+02,4.846017758480000026e+01,1.277867978270000009e+02,1.875935063350000007e+02,4.624725959610000103e+01,-8.264554311350000404e+00,-1.763517254359999953e+01,2.100230315940000025e+01,1.133027863979999950e+01,-3.006448033149999866e+00,-2.402324665920000157e+00,-5.127873266870000002e+00,-1.954029061249999977e+00,2.845197312679999868e+00
-1.704314729529999966e+02,-4.307264606999999756e+01,4.272050042440000084e+01,4.174264018779999930e+01,4.624725959610000103e+01,1.319314760970000009e+02,2.769061698399999827e+01,6.915641486260000192e+00,-1.337275884039999951e+01,3.033033431899999854e+01,1.223024233419999973e+01,9.850191049770000262e+00,-1.835754224120000089e+01,-4.951626741230000128e+00,-1.189571912979999979e+01
-6.986410143080000523e+01,-2.158911124109999946e+01,4.109461361399999646e+01,2.839971117949999790e+00,-8.264554311350000404e+00,2.769061698399999827e+01,1.525088851079999870e+02,5.043426061880000333e+01,1.055058081449999996e+01,2.318598804670000035e+01,3.823835004309999874e+01,8.107434355420000571e+00,-3.404364698629999797e+00,-5.914782241580000210e+00,1.246356000629999983e+01
-9.586407556579999323e+01,-6.762355033489999556e+00,9.967336405950000255e+00,-3.702628124349999883e+00,-1.763517254359999953e+01,6.915641486260000192e+00,5.043426061880000333e+01,1.100027502340000041e+02,2.130511521920000106e+01,1.791516910769999882e+01,9.086104094430000444e+00,5.321752682189999639e+00,-1.231342430950000022e+01,5.242313394109999969e+00,4.826393757479999991e+00
-2.263574690349999941e+01,-3.552914181530000093e+01,-6.088898148979999814e-01,3.485977000390000136e+00,2.100230315940000025e+01,-1.337275884039999951e+01,1.055058081449999996e+01,2.130511521920000106e+01,6.988101088739999511e+01,2.479908495040000105e+01,1.586086571399999912e+01,-9.301991158200000331e-01,5.134800192800000218e+00,-1.311126940769999916e+00,8.845138909339999245e+00
-7.868233920149999960e+01,-2.416172011080000104e+01,2.120181819200000106e+01,1.477326850410000070e+01,1.133027863979999950e+01,3.033033431899999854e+01,2.318598804670000035e+01,1.791516910769999882e+01,2.479908495040000105e+01,9.056718822140000213e+01,3.378379875219999917e+01,1.856594058479999987e+01,-1.286991831129999930e+01,3.161255726499999863e+00,7.596845680560000424e+00
-6.213869273219999911e+01,-6.882436782180000101e+00,-6.062028752839999868e+00,-2.095548553129999902e+01,-3.006448033149999866e+00,1.223024233419999973e+01,3.823835004309999874e+01,9.086104094430000444e+00,1.586086571399999912e+01,3.378379875219999917e+01,9.199783990779999954e+01,2.746027388879999975e+01,4.016053855200000022e+00,-1.097747265819999996e+01,8.910328317439999424e+00
2.880068735969999949e+01,-9.376057010400000280e+00,-1.629508979999999951e+01,1.302575256509999946e+01,-2.402324665920000157e+00,9.850191049770000262e+00,8.107434355420000571e+00,5.321752682189999639e+00,-9.301991158200000331e-01,1.856594058479999987e+01,2.746027388879999975e+01,8.418786396630000013e+01,2.349829827159999951e+01,5.234487633729999700e+00,-5.412241281910000090e+00
5.514828390400000302e+01,2.042467288390000135e+01,-1.689735268780000155e+01,-1.066687020740000058e+01,-5.127873266870000002e+00,-1.835754224120000089e+01,-3.404364698629999797e+00,-1.231342430950000022e+01,5.134800192800000218e+00,-1.286991831129999930e+01,4.016053855200000022e+00,2.349829827159999951e+01,6.870105293230000143e+01,2.094106144070000042e+01,4.462050905089999908e+00
1.170347257789999951e+01,-5.660431869920000025e+00,-1.073764152809999928e+01,1.822290715209999945e+01,-1.954029061249999977e+00,-4.951626741230000128e+00,-5.914782241580000210e+00,5.242313394109999969e+00,-1.311126940769999916e+00,3.161255726499999863e+00,-1.097747265819999996e+01,5.234487633729999700e+00,2.094106144070000042e+01,5.200924985719999682e+01,1.533569289509999933e+01
-1.074799395299999993e+01,-2.321354854879999863e+01,1.916753373910000136e+01,-9.848705033750000837e+00,2.845197312679999868e+00,-1.189571912979999979e+01,1.246356000629999983e+01,4.826393757479999991e+00,8.845138909339999245e+00,7.596845680560000424e+00,8.910328317439999424e+00,-5.412241281910000090e+00,4.462050905089999908e+00,1.533569289509999933e+01,5.048843432929999864e+01
8.171669595600000321e+03,-7.446953975869999454e+01,-2.508915000469999939e+02,-2.661024308020000149e+02,-2.948979351639999891e+02,-4.695075664870000054e+01,-6.815746405660000562e+01,-1.494695765499999993e+02,5.237659432830000128e+01,-3.958572650180000352e+01,1.177610555729999930e+02,-1.414726950079999881e+02,-6.423973791870000127e+01,1.120310157629999992e+01,-4.486892370289999832e+01
-7.446953975869999454e+01,1.456337745750000067e+03,-4.144058400559999882e+02,-4.118779226129999671e+01,-2.907760630789999912e+00,-6.339594879770000091e+01,1.308978928189999991e+01,9.243320559730000241e+01,2.967954730159999954e+01,1.664129940100000127e+01,6.092596633790000027e+01,3.813506952939999906e+01,3.237919633269999764e+01,5.069090252170000355e+01,4.538477418509999950e+01
-2.508915000469999939e+02,-4.144058400559999882e+02,8.222959396290000313e+02,1.824628398909999873e+02,-2.280567991190000043e+01,7.645235104489999856e+01,1.016957707650000060e+02,-1.187785230840000095e+00,-4.517880330589999716e+01,-2.115888598780000152e+01,-3.681064914979999969e+01,1.948988832359999890e+01,-8.606789935969999306e+00,-1.820320888379999946e+00,-2.432834186999999915e+01
-2.661024308020000149e+02,-4.118779226129999671e+01,1.824628398909999873e+02,3.725984836220000034e+02,1.119192556099999933e+02,6.935178268709999827e+01,1.800694347820000019e+01,2.137070845250000062e+01,-1.105731554359999969e+01,-7.658615967520000289e+00,-4.183925734649999839e+00,5.779946895020000142e+00,1.652199166289999965e+01,2.179750390279999905e+01,-6.362585283169999606e+00
-2.948979351639999891e+02,-2.907760630789999912e+00,-2.280567991190000043e+01,1.119192556099999933e+02,3.002612525010000013e+02,2.968172573109999846e+01,1.813823218940000004e+01,2.344237780669999882e+00,3.841635526040000315e+01,2.133437037369999789e+00,4.061863203259999722e+01,1.246259127229999919e+01,3.866624506790000027e+01,-5.636050666110000051e+00,3.340140373900000270e+01
-4.695075664870000054e+01,-6.339594879770000091e+01,7.645235104489999856e+01,6.935178268709999827e+01,2.968172573109999846e+01,2.082569521089999967e+02,7.540238275480000141e+01,4.839653200269999900e+01,1.803212856909999928e+01,4.498924760959999958e+01,3.088010806369999983e+01,3.546769258599999830e+01,2.346826898580000176e+01,2.894823823649999994e+01,-3.907001168929999935e+00
-6.815746405660000562e+01,1.308978928189999991e+01,1.016957707650000060e+02,1.800694347820000019e+01,1.813823218940000004e+01,7.540238275480000141e+01,1.786474216119999880e+02,3.919712347210000303e+01,2.874031710810000106e+01,-3.826877339140000167e-01,2.324465251250000009e+01,1.242506853919999976e+01,2.571126569629999992e+01,-1.278343907110000011e+00,1.262799872519999944e+01
-1.494695765499999993e+02,9.243320559730000241e+01,-1.187785230840000095e+00,2.137070845250000062e+01,2.344237780669999882e+00,4.839653200269999900e+01,3.919712347210000303e+01,1.401702532609999992e+02,5.622852761370000252e+01,3.821415953620000039e+01,1.085684267649999946e+01,3.652352438209999974e+01,9.786403631580000706e+00,2.630432374240000115e+01,-1.043616150869999926e+00
5.237659432830000128e+01,2.967954730159999954e+01,-4.517880330589999716e+01,-1.105731554359999969e+01,3.841635526040000315e+01,1.803212856909999928e+01,2.874031710810000106e+01,5.622852761370000252e+01,1.386315326790000029e+02,6.140401943119999828e+01,4.472115450220000099e+01,5.432519700920000361e+00,3.182620360880000021e+01,7.350102403770000237e+00,1.820997707920000153e+01
-3.958572650180000352e+01,1.664129940100000127e+01,-2.115888598780000152e+01,-7.658615967520000289e+00,2.133437037369999789e+00,4.498924760959999958e+01,-3.826877339140000167e-01,3.821415953620000039e+01,6.140401943119999828e+01,1.222073595859999955e+02,3.870541962600000119e+01,3.917966065739999948e+01,1.683698662979999838e+01,1.377322355949999988e+01,-2.075609775270000068e-01
1.177610555729999930e+02,6.092596633790000027e+01,-3.681064914979999969e+01,-4.183925734649999839e+00,4.061863203259999722e+01,3.088010806369999983e+01,2.324465251250000009e+01,1.085684267649999946e+01,4.472115450220000099e+01,3.870541962600000119e+01,1.038770771289999999e+02,2.536909200150000032e+01,3.472932715350000166e+01,1.221423193749999925e+01,1.604001263860000037e+01
-1.414726950079999881e+02,3.813506952939999906e+01,1.948988832359999890e+01,5.779946895020000142e+00,1.246259127229999919e+01,3.546769258599999830e+01,1.242506853919999976e+01,3.652352438209999974e+01,5.432519700920000361e+00,3.917966065739999948e+01,2.536909200150000032e+01,9.939753567040000348e+01,2.797637945470000176e+01,1.132470056620000065e+01,3.385421540709999899e+00
-6.423973791870000127e+01,3.237919633269999764e+01,-8.606789935969999306e+00,1.652199166289999965e+01,3.866624506790000027e+01,2.346826898580000176e+01,2.571126569629999992e+01,9.786403631580000706e+00,3.182620360880000021e+01,1.683698662979999838e+01,3.472932715350000166e+01,2.797637945470000176e+01,8.731708288480000135e+01,2.859704766609999993e+01,2.176290206790000070e+01
1.120310157629999992e+01,5.069090252170000355e+01,-1.820320888379999946e+00,2.179750390279999905e+01,-5.636050666110000051e+00,2.894823823649999994e+01,-1.278343907110000011e+00,2.630432374240000115e+01,7.350102403770000237e+00,1.377322355949999988e+01,1.221423193749999925e+01,1.132470056620000065e+01,2.859704766609999993e+01,7.662691635989999384e+01,1.447095156480000000e+01
-4.486892370289999832e+01,4.538477418509999950e+01,-2.432834186999999915e+01,-6.362585283169999606e+00,3.340140373900000270e+01,-3.907001168929999935e+00,1.262799872519999944e+01,-1.043616150869999926e+00,1.820997707920000153e+01,-2.075609775270000068e-01,1.604001263860000037e+01,3.385421540709999899e+00,2.176290206790000070e+01,1.447095156480000000e+01,6.624241329839999537e+01
