3279.04475602,79.682000104,-119.237203405,-390.306060398,-178.712061852,-231.590156719,-174.002546175,-51.3300882217,-148.426642201,-93.399349992,-45.6700208266,41.0697282159,31.6473596128,-38.8452207792,-62.1366391493
79.682000104,529.447925112,-111.654305757,-140.65944915,-95.341433247,-119.641368349,-24.2639272499,-9.19739738158,-22.4460194683,-18.8701177225,41.1682269908,31.5400588819,37.1424573472,-27.3026769165,-20.1672511071
-119.237203405,-111.654305757,232.661504398,57.3388963399,2.43732494624,17.3746596397,24.870775146,12.5692596507,3.57211602899,26.4290482004,-26.7460333803,-11.2023407605,-12.5957773954,9.82925997842,5.29273704356
-390.306060398,-140.65944915,57.3388963399,259.58845522,110.57041965,101.846518769,10.9887243216,8.49727244157,50.6845429042,9.22507823577,-11.253120894,-21.562258631,-25.5831103197,18.2203576792,20.6066388613
-178.712061852,-95.341433247,2.43732494624,110.57041965,199.832461204,70.130326054,-2.60461348844,-25.4280596712,23.3369490926,-5.83560850674,0.615745021393,-18.690107449,-15.4954076625,4.14174719597,28.6764576779
-231.590156719,-119.641368349,17.3746596397,101.846518769,70.130326054,161.294099178,25.0907521132,4.17328674634,21.1440744816,0.138523081139,-4.41405920261,-2.30583215883,-18.1647355095,16.7578242788,9.08863710398
-174.002546175,-24.2639272499,24.870775146,10.9887243216,-2.60461348844,25.0907521132,99.9740897672,33.534142134,27.1302297349,-7.06517188823,10.6666163725,-9.48550344371,0.296024154439,-0.818950184609,-6.69689184946
-51.3300882217,-9.19739738158,12.5692596507,8.49727244157,-25.4280596712,4.17328674634,33.534142134,95.502133934,31.0597422918,8.73823656441,-15.2190812646,10.1674653933,-8.37716502661,0.981056864969,-20.0062107532
-148.426642201,-22.4460194683,3.57211602899,50.6845429042,23.3369490926,21.1440744816,27.1302297349,31.0597422918,105.648598081,6.52505192963,-0.729499213866,-19.9476523235,2.76172375264,3.24039181398,-2.7912115415
-93.399349992,-18.8701177225,26.4290482004,9.22507823577,-5.83560850674,0.138523081139,-7.06517188823,8.73823656441,6.52505192963,74.5708882357,6.69846146718,2.0420734869,-11.4738998905,9.27827772033,-1.213435879
-45.6700208266,41.1682269908,-26.7460333803,-11.253120894,0.615745021393,-4.41405920261,10.6666163725,-15.2190812646,-0.729499213866,6.69846146718,71.8595627375,25.2029447477,8.09622561259,-14.5294879679,3.20241024418
41.0697282159,31.5400588819,-11.2023407605,-21.562258631,-18.690107449,-2.30583215883,-9.48550344371,10.1674653933,-19.9476523235,2.0420734869,25.2029447477,67.3134241086,16.7808171015,-4.95713688136,-13.3026171483
31.6473596128,37.1424573472,-12.5957773954,-25.5831103197,-15.4954076625,-18.1647355095,0.296024154439,-8.37716502661,2.76172375264,-11.4738998905,8.09622561259,16.7808171015,67.5270584386,12.4406203907,-1.70082266646
-38.8452207792,-27.3026769165,9.82925997842,18.2203576792,4.14174719597,16.7578242788,-0.818950184609,0.981056864969,3.24039181398,9.27827772033,-14.5294879679,-4.95713688136,12.4406203907,55.6800484632,19.5430864393
-62.1366391493,-20.1672511071,5.29273704356,20.6066388613,28.6764576779,9.08863710398,-6.69689184946,-20.0062107532,-2.7912115415,-1.213435879,3.20241024418,-13.3026171483,-1.70082266646,19.5430864393,60.3748206649
8467.75505249,-733.810091768,-337.02652832,-618.344873936,-90.0113309632,-174.631589344,-341.783506922,19.2932215297,-192.703927966,129.261106221,62.4260847135,16.7380217541,-78.2149050102,-75.0003549592,-27.4821789192
-733.810091768,887.308242527,-274.442123383,-90.3868113634,-34.5995593263,-69.0459898046,67.912970809,-72.7448172392,67.2714558321,-125.627084592,18.5062988454,-40.0054302119,4.77315648682,-28.0385750424,-16.7476184679
-337.02652832,-274.442123383,994.36604494,46.0724163215,-70.0127189829,241.111049206,-108.288402927,104.768499853,-117.188363094,59.6389251553,-124.010928954,83.0517789776,41.9540099196,67.2821456176,32.1962944962
-618.344873936,-90.3868113634,46.0724163215,416.201386506,129.483400007,54.6258704279,63.6192524441,-10.9059293808,62.0729661555,21.2360523991,-48.0584591787,-45.0258820726,5.94854937121,56.3545127496,12.5253554651
-90.0113309632,-34.5995593263,-70.0127189829,129.483400007,273.674321417,32.7205186767,57.567050913,-40.245921678,50.1772111098,10.5801150273,-22.7624451692,-49.0334459121,-32.2525018455,-24.7939950883,-11.7746816053
-174.631589344,-69.0459898046,241.111049206,54.6258704279,32.7205186767,206.559997188,13.3020486262,23.497813999,-18.2594984041,36.9376716955,-25.3888892412,40.8393028431,-7.15144939797,10.6025106811,-4.66509732211
-341.783506922,67.912970809,-108.288402927,63.6192524441,57.567050913,13.3020486262,178.470448467,-8.56674131035,57.4453704547,-17.8179189594,4.42592610104,-31.161343525,18.2405148404,-8.9074177894,-10.322627148
19.2932215297,-72.7448172392,104.768499853,-10.9059293808,-40.245921678,23.497813999,-8.56674131035,128.816974457,5.59282159763,21.8584349872,-13.0971029809,31.3533401794,4.11691519034,19.5551147587,1.79387439255
-192.703927966,67.2714558321,-117.188363094,62.0729661555,50.1772111098,-18.2594984041,57.4453704547,5.59282159763,147.155889165,16.7431835166,22.1496472274,-22.3251657272,1.30396368796,-5.75059337128,1.21591272724
129.261106221,-125.627084592,59.6389251553,21.2360523991,10.5801150273,36.9376716955,-17.8179189594,21.8584349872,16.7431835166,100.35698267,23.675395108,16.6597442702,-10.0253315278,10.719517229,-0.882781299817
62.4260847135,18.5062988454,-124.010928954,-48.0584591787,-22.7624451692,-25.3888892412,4.42592610104,-13.0971029809,22.1496472274,23.675395108,126.833354437,33.0288084022,-1.07188060373,-12.4045726956,1.28066401447
16.7380217541,-40.0054302119,83.0517789776,-45.0258820726,-49.0334459121,40.8393028431,-31.161343525,31.3533401794,-22.3251657272,16.6597442702,33.0288084022,105.701149447,19.6442147088,12.4218638099,7.31467170553
-78.2149050102,4.77315648682,41.9540099196,5.94854937121,-32.2525018455,-7.15144939797,18.2405148404,4.11691519034,1.30396368796,-10.0253315278,-1.07188060373,19.6442147088,78.2003899723,27.703413232,10.7443495163
-75.0003549592,-28.0385750424,67.2821456176,56.3545127496,-24.7939950883,10.6025106811,-8.9074177894,19.5551147587,-5.75059337128,10.719517229,-12.4045726956,12.4218638099,27.703413232,75.946415779,23.3495137756
-27.4821789192,-16.7476184679,32.1962944962,12.5253554651,-11.7746816053,-4.66509732211,-10.322627148,1.79387439255,1.21591272724,-0.882781299817,1.28066401447,7.31467170553,10.7443495163,23.3495137756,66.2060191768
4180.34336407,-979.787690871,-562.598368717,-198.567972754,-249.779019122,-5.45580217419,-200.450961335,-13.4392801705,-213.401649227,113.836870962,-39.5893405624,-30.1133096462,0.49611637431,84.9807594093,-16.59195197
-979.787690871,670.985468067,19.2979973839,-86.464214378,84.2819169605,-27.5022181077,72.1192430747,13.5693468728,56.7460033649,-46.9150750855,58.3514747826,45.8685724335,16.2569334791,-12.5160552305,21.5396678097
-562.598368717,19.2979973839,396.35941283,113.073156484,-28.0139271861,12.2384534852,9.35709214197,39.0618575317,32.7775057889,-4.58239141914,-30.3425402917,-2.06128542367,-0.883546444641,-13.8830191154,-14.2736108742
-198.567972754,-86.464214378,113.073156484,246.269943885,-7.5365942109,8.73321566919,-47.1522763475,-28.4396176088,19.3533963211,-0.405216428824,-55.6118408061,-29.6445931435,7.07804417221,-20.3575374765,-10.3209959712
-249.779019122,84.2819169605,-28.0139271861,-7.5365942109,194.053360715,6.45647542015,19.0701690195,-30.4070572689,23.6601949757,-13.214434316,16.088869138,6.96245722035,-10.3143247541,4.78202854194,-1.29212692778
-5.45580217419,-27.5022181077,12.2384534852,8.73321566919,6.45647542015,112.110554725,8.21945037755,-2.28675289423,-16.0561253484,5.16281456061,-20.8933656315,-8.00484456654,-6.45143494226,8.82917933433,-4.74598017533
-200.450961335,72.1192430747,9.35709214197,-47.1522763475,19.0701690195,8.21945037755,138.640471469,47.5323679363,18.4537713297,-12.6581176203,14.0036111049,0.725029360916,-8.20089909868,1.61909618251,12.1921851868
-13.4392801705,13.5693468728,39.0618575317,-28.4396176088,-30.4070572689,-2.28675289423,47.5323679363,129.450768041,12.2324751855,10.2401176799,4.96915293798,25.6899427697,-23.3947549149,12.4010015609,-1.67311588631
-213.401649227,56.7460033649,32.7775057889,19.3533963211,23.6601949757,-16.0561253484,18.4537713297,12.2324751855,99.3525600449,-1.86774358398,11.2721069138,0.26201134688,8.85161121518,-16.3293266017,8.59905979521
113.836870962,-46.9150750855,-4.58239141914,-0.405216428824,-13.214434316,5.16281456061,-12.6581176203,10.2401176799,-1.86774358398,74.4268157961,14.1440367236,2.19028158431,-3.31722472345,9.89696616852,-8.67769569911
-39.5893405624,58.3514747826,-30.3425402917,-55.6118408061,16.088869138,-20.8933656315,14.0036111049,4.96915293798,11.2721069138,14.1440367236,92.1815269327,29.1986758317,1.43784496111,-7.48417915545,-0.589900250933
-30.1133096462,45.8685724335,-2.06128542367,-29.6445931435,6.96245722035,-8.00484456654,0.725029360916,25.6899427697,0.26201134688,2.19028158431,29.1986758317,77.0915127082,-5.9864007169,0.449219749809,-12.3836315745
0.49611637431,16.2569334791,-0.883546444641,7.07804417221,-10.3143247541,-6.45143494226,-8.20089909868,-23.3947549149,8.85161121518,-3.31722472345,1.43784496111,-5.9864007169,88.0244560769,-1.64841309386,-1.74217601052
84.9807594093,-12.5160552305,-13.8830191154,-20.3575374765,4.78202854194,8.82917933433,1.61909618251,12.4010015609,-16.3293266017,9.89696616852,-7.48417915545,0.449219749809,-1.64841309386,77.9455949169,22.069345681
-16.59195197,21.5396678097,-14.2736108742,-10.3209959712,-1.29212692778,-4.74598017533,12.1921851868,-1.67311588631,8.59905979521,-8.67769569911,-0.589900250933,-12.3836315745,-1.74217601052,22.069345681,62.5040289706
6418.26089431,-898.647230071,145.350338918,-53.8822722857,-472.463374273,-16.266960124,-307.314435331,-98.088934404,-202.615725895,39.5835674864,-176.29863797,-3.70229735247,-63.4841106173,19.0878065015,56.9385989599
-898.647230071,742.886283645,-100.499757411,-58.602332091,83.1849437181,-95.9241867036,201.862741758,53.9407030425,111.127134422,-51.2212497974,88.7440956096,-49.0266116785,56.136785635,-32.3133338542,1.80758803345
145.350338918,-100.499757411,359.893875181,57.1789633696,-24.087117785,65.4019260927,-30.9974566864,-1.40141304689,11.2083690163,10.0417682843,-49.6122203887,14.23639684,-17.3753694229,-23.366701935,8.73572718601
-53.8822722857,-58.602332091,57.1789633696,174.320473291,32.4344178964,29.1972813247,16.8829657958,-1.19772856191,4.07211876224,-8.27509881543,-17.795630068,-3.31091969421,8.63529740287,10.6952819342,-1.76779069215
-472.463374273,83.1849437181,-24.087117785,32.4344178964,209.633288572,46.2368307421,53.8580355933,6.44317031004,34.9948270095,17.9289054172,49.5839436064,2.41144144269,21.01597916,1.43289464166,2.11567307855
-16.266960124,-95.9241867036,65.4019260927,29.1972813247,46.2368307421,136.141921967,-6.42297718747,-9.43069850417,-10.0386806903,10.7935507559,-30.2985806911,14.9074888842,-19.782371769,-1.3317057916,-3.91483413264
-307.314435331,201.862741758,-30.9974566864,16.8829657958,53.8580355933,-6.42297718747,171.040983396,55.7359483812,47.6228544419,-30.2216906509,30.4347525356,-26.7498656333,39.8337886987,-10.1321185294,-3.06860370458
-98.088934404,53.9407030425,-1.40141304689,-1.19772856191,6.44317031004,-9.43069850417,55.7359483812,89.0104879179,24.0080716648,6.04050585366,6.37911880427,-0.101078276936,17.3630652048,7.03535043613,-9.98228303793
-202.615725895,111.127134422,11.2083690163,4.07211876224,34.9948270095,-10.0386806903,47.6228544419,24.0080716648,90.5975841515,2.55209665474,30.1834685131,-11.6516174579,13.1223099765,3.7234761596,4.58156448885
39.5835674864,-51.2212497974,10.0417682843,-8.27509881543,17.9289054172,10.7935507559,-30.2216906509,6.04050585366,2.55209665474,85.3168273633,29.3758939559,5.36765453216,-1.76826766224,3.69815048618,1.8675999187
-176.29863797,88.7440956096,-49.6122203887,-17.795630068,49.5839436064,-30.2985806911,30.4347525356,6.37911880427,30.1834685131,29.3758939559,117.34905544,17.9866408233,15.9428242712,-5.75932940819,0.97908719784
-3.70229735247,-49.0266116785,14.23639684,-3.31091969421,2.41144144269,14.9074888842,-26.7498656333,-0.101078276936,-11.6516174579,5.36765453216,17.9866408233,61.0068050432,2.19477598253,1.58188413296,-10.5720309867
-63.4841106173,56.136785635,-17.3753694229,8.63529740287,21.01597916,-19.782371769,39.8337886987,17.3630652048,13.1223099765,-1.76826766224,15.9428242712,2.19477598253,73.6204782519,14.0042944726,0.65176836535
19.0878065015,-32.3133338542,-23.366701935,10.6952819342,1.43289464166,-1.3317057916,-10.1321185294,7.03535043613,3.7234761596,3.69815048618,-5.75932940819,1.58188413296,14.0042944726,65.0397159641,23.7537856862
56.9385989599,1.80758803345,8.73572718601,-1.76779069215,2.11567307855,-3.91483413264,-3.06860370458,-9.98228303793,4.58156448885,1.8675999187,0.97908719784,-10.5720309867,0.65176836535,23.7537856862,62.316884501
7184.66094237,-1506.02346663,-788.143655793,-101.414706944,-645.01300374,276.075034236,200.062332059,-72.8531001632,-204.59228284,-37.5045522444,153.650751857,-121.548743638,457.176309865,-127.068183568,-61.0554334046
-1506.02346663,1074.10615974,114.770684635,-108.968397897,234.68256382,-122.786225897,-49.7172394092,-98.4319258175,19.6860405535,-81.9678012891,-88.7463018123,40.3610793607,-75.606949696,58.1483208026,34.0271768422
-788.143655793,114.770684635,331.106466034,30.108901954,9.39185668085,-17.3535701088,-32.7756856192,36.9662112483,2.84915672098,9.80021428707,-43.2508407188,9.07769027591,-23.8680445189,-21.5770654833,12.4483371725
-101.414706944,-108.968397897,30.108901954,223.017974822,33.905017514,10.2798759248,-19.6007319994,13.8986163801,17.11374045,30.2969140175,-7.45950073309,4.1114455394,-42.3226902051,11.0649796252,21.4385259009
-645.01300374,234.68256382,9.39185668085,33.905017514,278.847957846,-28.8698759862,-17.6933246163,-49.1025846141,53.5748916228,-26.7241015653,3.36387728217,26.4300535075,-41.3743468255,37.5572572154,17.8210325383
276.075034236,-122.786225897,-17.3535701088,10.2798759248,-28.8698759862,132.488086178,8.69108583773,23.1200227192,-25.9947483192,15.8190764139,5.52623657548,20.5831977733,12.1442266144,-11.8422064495,-7.5887251387
200.062332059,-49.7172394092,-32.7756856192,-19.6007319994,-17.6933246163,8.69108583773,122.14154236,12.1165649834,2.36324474085,5.52497686229,9.39218759439,-33.9532333987,18.9229173253,0.282253076516,11.3740465963
-72.8531001632,-98.4319258175,36.9662112483,13.8986163801,-49.1025846141,23.1200227192,12.1165649834,146.350371085,-8.57546987278,45.3843206391,-11.2374449063,-9.029110417,-13.3954402526,-11.1109263548,-7.17166267569
-204.59228284,19.6860405535,2.84915672098,17.11374045,53.5748916228,-25.9947483192,2.36324474085,-8.57546987278,122.78986658,5.80999921858,2.52189641725,-12.9531780129,-26.9820990564,16.9354334584,17.2426561816
-37.5045522444,-81.9678012891,9.80021428707,30.2969140175,-26.7241015653,15.8190764139,5.52497686229,45.3843206391,5.80999921858,102.56465407,17.3507411145,-11.4569036223,-22.1657940149,-12.1437943314,-3.47669169007
153.650751857,-88.7463018123,-43.2508407188,-7.45950073309,3.36387728217,5.52623657548,9.39218759439,-11.2374449063,2.52189641725,17.3507411145,94.5407448009,18.0849825956,-12.1327513638,-27.698829294,-15.7374663169
-121.548743638,40.3610793607,9.07769027591,4.1114455394,26.4300535075,20.5831977733,-33.9532333987,-9.029110417,-12.9531780129,-11.4569036223,18.0849825956,102.569867981,16.3994546892,-17.0145710215,-25.5419456606
457.176309865,-75.606949696,-23.8680445189,-42.3226902051,-41.3743468255,12.1442266144,18.9229173253,-13.3954402526,-26.9820990564,-22.1657940149,-12.1327513638,16.3994546892,130.156673565,7.85971502727,-23.4968985331
-127.068183568,58.1483208026,-21.5770654833,11.0649796252,37.5572572154,-11.8422064495,0.282253076516,-11.1109263548,16.9354334584,-12.1437943314,-27.698829294,-17.0145710215,7.85971502727,95.6849327749,33.8290801469
-61.0554334046,34.0271768422,12.4483371725,21.4385259009,17.8210325383,-7.5887251387,11.3740465963,-7.17166267569,17.2426561816,-3.47669169007,-15.7374663169,-25.5419456606,-23.4968985331,33.8290801469,77.8919583946
10085.3172624,-2183.11503665,-1003.08316187,-130.468106965,-976.171780274,-12.2539983634,-324.62990594,-168.284320105,-230.697614503,-59.839004379,46.256485669,-148.356597745,447.164407437,-335.746980757,-7.75989777368
-2183.11503665,3992.83822369,-361.526370418,-1056.81583123,214.278190932,-503.66703294,101.677366438,-196.936613582,58.6100855188,-240.224769518,-13.974019366,60.6886813856,-344.470592709,92.3948480211,24.2689071121
-1003.08316187,-361.526370418,408.107679485,156.703960395,80.9588153525,98.9708011434,30.6430998252,66.1138953727,30.1056448381,40.1477031941,-5.5504650285,0.208598787141,48.7948703885,18.3419657324,4.19306422508
-130.468106965,-1056.81583123,156.703960395,670.870818024,122.558566068,193.68792406,-31.6698535424,82.6057787265,30.7288372331,60.8018756809,-41.707799673,-27.7776581815,35.2796603448,12.236243062,13.8502166935
-976.171780274,214.278190932,80.9588153525,122.558566068,309.674859404,22.88143089,43.1154247598,-22.8315672584,56.7298543451,-7.41056843408,-3.90993182842,-17.3370688156,-62.8363948352,47.1852138619,12.9416431624
-12.2539983634,-503.66703294,98.9708011434,193.68792406,22.88143089,191.719472739,-4.66953086487,46.8677191803,-13.0355906717,47.4633261881,-20.5705631739,-9.93110938178,49.4003337839,-2.0715258435,-14.5507124166
-324.62990594,101.677366438,30.6430998252,-31.6698535424,43.1154247598,-4.66953086487,130.251950806,18.0680825481,21.3544980601,-16.4637473287,19.9285404446,-0.842621220827,-19.4845339405,-2.89506588539,-2.32640808979
-168.284320105,-196.936613582,66.1138953727,82.6057787265,-22.8315672584,46.8677191803,18.0680825481,135.098855373,4.93663518668,18.431138247,-1.14859546993,19.2737752249,9.81556752162,1.37958648237,-22.2322243267
-230.697614503,58.6100855188,30.1056448381,30.7288372331,56.7298543451,-13.0355906717,21.3544980601,4.93663518668,87.4323979,1.3420838849,-6.79825700625,-8.23305687544,-16.2967826019,1.18652074168,-2.62292829413
-59.839004379,-240.224769518,40.1477031941,60.8018756809,-7.41056843408,47.4633261881,-16.4637473287,18.431138247,1.3420838849,100.844523478,15.3314889544,1.52575053069,16.0422841007,8.63360381898,-25.3269688538
46.256485669,-13.974019366,-5.5504650285,-41.707799673,-3.90993182842,-20.5705631739,19.9285404446,-1.14859546993,-6.79825700625,15.3314889544,74.9004162538,21.4606333195,2.7623595663,-1.11704691954,-5.78650911233
-148.356597745,60.6886813856,0.208598787141,-27.7776581815,-17.3370688156,-9.93110938178,-0.842621220827,19.2737752249,-8.23305687544,1.52575053069,21.4606333195,94.9083668589,-19.4911732325,7.69873548627,7.47200971345
447.164407437,-344.470592709,48.7948703885,35.2796603448,-62.8363948352,49.4003337839,-19.4845339405,9.81556752162,-16.2967826019,16.0422841007,2.7623595663,-19.4911732325,123.517134695,-22.0511691807,-12.9570487552
-335.746980757,92.3948480211,18.3419657324,12.236243062,47.1852138619,-2.0715258435,-2.89506588539,1.37958648237,1.18652074168,8.63360381898,-1.11704691954,7.69873548627,-22.0511691807,66.8687405708,11.755693345
-7.75989777368,24.2689071121,4.19306422508,13.8502166935,12.9416431624,-14.5507124166,-2.32640808979,-22.2322243267,-2.62292829413,-25.3269688538,-5.78650911233,7.47200971345,-12.9570487552,11.755693345,76.7064219576
14187.4499785,-2910.37116047,-1727.39867926,498.708830229,-1144.88593207,-165.476998494,-447.838719945,-550.316194612,-293.223318615,-119.230879668,97.2582469434,3.06637266594,376.4826101,-271.195008977,261.341360874
-2910.37116047,2515.73360612,-97.3794345248,-597.718323718,818.389833834,-324.965470734,95.5485680609,-54.7727324862,132.031503345,-168.729751554,92.3581256115,-78.3554969595,-81.7794247239,157.246500406,-80.1590019446
-1727.39867926,-97.3794345248,811.96419946,76.5331752512,-183.786899499,164.099763264,90.4625605902,90.059625438,-32.9332006154,43.8528703488,-40.9024556032,46.031724978,-20.0444450229,2.53393772414,59.2584662052
498.708830229,-597.718323718,76.5331752512,416.379895892,-105.851382388,80.7962698975,-51.3568290345,9.02876869805,-35.8458719591,3.42212781228,-29.0525703024,20.1799212104,11.1471579076,-8.88340951249,24.3277364217
-1144.88593207,818.389833834,-183.786899499,-105.851382388,715.099247682,-131.999556236,10.1963999918,-62.8207811285,119.161879473,-88.3242188206,38.5210222435,-82.749212091,-52.354326572,82.6695963497,-85.3193562684
-165.476998494,-324.965470734,164.099763264,80.7962698975,-131.999556236,217.658225764,16.4986960819,47.2272340744,-20.0675950225,41.9177577693,-39.6634460935,22.9109712414,-10.856931158,-26.0296700651,15.0433979338
-447.838719945,95.5485680609,90.4625605902,-51.3568290345,10.1963999918,16.4986960819,121.865708592,44.7333052861,10.8737534404,-1.77954199651,4.14574483304,-3.1702920232,-2.97804675588,-0.541852839833,-9.44049344162
-550.316194612,-54.7727324862,90.059625438,9.02876869805,-62.8207811285,47.2272340744,44.7333052861,131.555099217,6.76286472468,35.1221925382,-22.3101643043,16.8678026249,-4.76467283883,-3.56936059748,-6.0298192416
-293.223318615,132.031503345,-32.9332006154,-35.8458719591,119.161879473,-20.0675950225,10.8737534404,6.76286472468,104.211239318,-5.46860020288,-3.8956515398,-18.476541809,-25.8125081214,4.0229964752,-23.5154025305
-119.230879668,-168.729751554,43.8528703488,3.42212781228,-88.3242188206,41.9177577693,-1.77954199651,35.1221925382,-5.46860020288,107.222996845,8.71908298802,8.1603413656,-7.53052451094,-17.7384017393,1.11878137241
97.2582469434,92.3581256115,-40.9024556032,-29.0525703024,38.5210222435,-39.6634460935,4.14574483304,-22.3101643043,-3.8956515398,8.71908298802,84.2359599773,19.2178127063,-1.90656769737,2.85560583061,-9.12312279189
3.06637266594,-78.3554969595,46.031724978,20.1799212104,-82.749212091,22.9109712414,-3.1702920232,16.8678026249,-18.476541809,8.1603413656,19.2178127063,79.015352734,18.3338284456,-3.3022433075,3.50751935861
376.4826101,-81.7794247239,-20.0444450229,11.1471579076,-52.354326572,-10.856931158,-2.97804675588,-4.76467283883,-25.8125081214,-7.53052451094,-1.90656769737,18.3338284456,79.3416910227,11.9121959929,12.9315726732
-271.195008977,157.246500406,2.53393772414,-8.88340951249,82.6695963497,-26.0296700651,-0.541852839833,-3.56936059748,4.0229964752,-17.7384017393,2.85560583061,-3.3022433075,11.9121959929,72.956776565,6.77954541845
261.341360874,-80.1590019446,59.2584662052,24.3277364217,-85.3193562684,15.0433979338,-9.44049344162,-6.0298192416,-23.5154025305,1.11878137241,-9.12312279189,3.50751935861,12.9315726732,6.77954541845,72.7914174638
8381.65042912,-1615.23779364,-1064.17305899,-611.777188283,-1188.6843114,-393.852567067,-109.212424561,-33.3253891363,-450.493008649,342.09559754,-137.288244727,-112.058493158,259.233598837,-141.697972644,-23.4843223314
-1615.23779364,1462.6445044,40.806681415,-94.3834221523,573.229575022,-62.2203956921,62.6650696683,-85.7453771859,110.497593854,-221.295109854,54.0745415764,-31.5195352791,29.2562387324,47.9954975473,-58.4960222355
-1064.17305899,40.806681415,453.914684485,104.296747522,21.5035852851,68.4646969908,8.22274612686,69.8728486652,61.421598478,-15.9209175165,1.36716466463,2.5927390498,-63.9041683851,1.50466856238,27.1766417267
-611.777188283,-94.3834221523,104.296747522,364.920852412,94.1247322601,44.8021492323,-39.3495060264,-13.2529371977,56.6828284784,-28.7546973968,-3.0165974812,10.9759645629,-75.2994227308,25.8320025773,31.5624299931
-1188.6843114,573.229575022,21.5035852851,94.1247322601,585.237907052,26.2257042002,20.3344959459,-118.603497171,68.157140715,-144.509115331,24.2651262164,1.07076647586,12.7027820737,31.7457760538,3.46643573557
-393.852567067,-62.2203956921,68.4646969908,44.8021492323,26.2257042002,186.904023,-16.1254212647,14.0365914959,-1.24359357015,-5.2809660835,4.32016368317,35.5020950679,-36.4242901816,7.61299851158,15.456192777
-109.212424561,62.6650696683,8.22274612686,-39.3495060264,20.3344959459,-16.1254212647,138.979573266,9.33655916308,9.8265722234,-19.599235288,12.0370116063,0.855900425021,3.22914342263,-11.1599966626,-13.3565265253
-33.3253891363,-85.7453771859,69.8728486652,-13.2529371977,-118.603497171,14.0365914959,9.33655916308,147.815541752,8.42584532315,35.7465146369,-16.3495771833,-2.20157327335,-6.76975212136,-5.98670828916,-10.2832212827
-450.493008649,110.497593854,61.421598478,56.6828284784,68.157140715,-1.24359357015,9.8265722234,8.42584532315,143.393093261,-52.3070642804,32.0281362397,18.978599801,-36.1283464891,21.6943571847,-9.24559959453
342.09559754,-221.295109854,-15.9209175165,-28.7546973968,-144.509115331,-5.2809660835,-19.599235288,35.7465146369,-52.3070642804,183.495770195,-1.80089909488,-13.2599135935,13.4059182717,-32.1743885631,6.22688028928
-137.288244727,54.0745415764,1.36716466463,-3.0165974812,24.2651262164,4.32016368317,12.0370116063,-16.3495771833,32.0281362397,-1.80089909488,81.4947037261,23.6248223996,-23.3837744033,-1.07991303428,-5.93979139045
-112.058493158,-31.5195352791,2.5927390498,10.9759645629,1.07076647586,35.5020950679,0.855900425021,-2.20157327335,18.978599801,-13.2599135935,23.6248223996,87.0818956396,-11.661175353,3.27313090231,-3.40332714341
259.233598837,29.2562387324,-63.9041683851,-75.2994227308,12.7027820737,-36.4242901816,3.22914342263,-6.76975212136,-36.1283464891,13.4059182717,-23.3837744033,-11.661175353,109.807291909,-6.5908150869,-19.4318576164
-141.697972644,47.9954975473,1.50466856238,25.8320025773,31.7457760538,7.61299851158,-11.1599966626,-5.98670828916,21.6943571847,-32.1743885631,-1.07991303428,3.27313090231,-6.5908150869,63.2362751604,11.7235262757
-23.4843223314,-58.4960222355,27.1766417267,31.5624299931,3.46643573557,15.456192777,-13.3565265253,-10.2832212827,-9.24559959453,6.22688028928,-5.93979139045,-3.40332714341,-19.4318576164,11.7235262757,74.2465232719
2655.36725317,-80.7450026582,-340.559938223,-333.88431283,-337.683655913,-103.873202852,4.43690537621,-48.3273688801,-21.6651032527,-96.7096740277,4.60070978894,-27.4845706067,23.4255097169,-17.9966446908,-52.0358538294
-80.7450026582,508.362614474,-270.524640268,-183.568187038,-20.2765413878,-160.370292356,-60.8939007921,-22.3335985972,1.23148516711,-32.0383460964,20.223016732,-30.1026748104,-33.1543903098,-32.0972156704,18.5068897573
-340.559938223,-270.524640268,433.407157156,200.533036594,43.988239279,134.619539771,15.6449347189,25.1630749937,-1.9525795904,22.8367327354,-29.86067575,31.4443368353,15.2208727702,47.8220309558,6.31884941672
-333.88431283,-183.568187038,200.533036594,334.332211557,27.2167165138,94.7672251881,10.5078621314,-22.5781641409,-24.4051193601,-10.4904551278,-42.3898880973,-18.6322905574,30.6351478461,-0.00149300680452,-17.4391361118
-337.683655913,-20.2765413878,43.988239279,27.2167165138,211.146758861,19.7938163499,-10.4489175221,32.133073368,40.2221409405,15.6874938866,11.1335618345,20.2220841807,-30.4087756641,12.8579291047,21.5030864053
-103.873202852,-160.370292356,134.619539771,94.7672251881,19.7938163499,152.465053937,36.1559018131,16.9783189979,-20.8815932682,37.5830841114,-22.8760696142,34.6524789921,9.17133347596,19.7980962047,-22.1830124867
4.43690537621,-60.8939007921,15.6449347189,10.5078621314,-10.4489175221,36.1559018131,100.027154251,11.8195744807,-3.95516653142,9.25642747031,9.20596983599,3.91109915341,21.5109271393,-1.58114903997,-10.2537886013
-48.3273688801,-22.3335985972,25.1630749937,-22.5781641409,32.133073368,16.9783189979,11.8195744807,117.117476888,10.084472825,38.1690290613,11.7848939146,33.8442823092,-24.6870087819,25.85077958,4.37157136934
-21.6651032527,1.23148516711,-1.9525795904,-24.4051193601,40.2221409405,-20.8815932682,-3.95516653142,10.084472825,76.798028336,4.33690965169,2.51794017428,3.94281562395,-8.72448215675,4.09733759455,14.5808173644
-96.7096740277,-32.0383460964,22.8367327354,-10.4904551278,15.6874938866,37.5830841114,9.25642747031,38.1690290613,4.33690965169,104.068401763,29.3483879163,30.8527401743,-1.92268878316,12.7438998509,-13.4609354175
4.60070978894,20.223016732,-29.86067575,-42.3898880973,11.1335618345,-22.8760696142,9.20596983599,11.7848939146,2.51794017428,29.3483879163,71.0276616404,15.5468202945,1.19398148524,-2.90240168615,1.9093710717
-27.4845706067,-30.1026748104,31.4443368353,-18.6322905574,20.2220841807,34.6524789921,3.91109915341,33.8442823092,3.94281562395,30.8527401743,15.5468202945,81.0866869924,-8.13225590462,21.8548148533,-3.57104055232
23.4255097169,-33.1543903098,15.2208727702,30.6351478461,-30.4087756641,9.17133347596,21.5109271393,-24.6870087819,-8.72448215675,-1.92268878316,1.19398148524,-8.13225590462,77.4978712891,-5.54431194235,-12.0805946162
-17.9966446908,-32.0972156704,47.8220309558,-0.00149300680452,12.8579291047,19.7980962047,-1.58114903997,25.85077958,4.09733759455,12.7438998509,-2.90240168615,21.8548148533,-5.54431194235,70.5635411939,16.3242590198
-52.0358538294,18.5068897573,6.31884941672,-17.4391361118,21.5030864053,-22.1830124867,-10.2537886013,4.37157136934,14.5808173644,-13.4609354175,1.9093710717,-3.57104055232,-12.0805946162,16.3242590198,55.276807781
7915.76071626,211.879809537,-1266.00694347,169.187616354,-880.006351427,-728.779760406,185.418035046,-543.713199419,-405.860078221,-375.305237036,-81.2330337232,-645.100561132,297.711836135,-307.824290117,1.02687539424
211.879809537,1017.78239528,-276.035212969,-270.721132475,39.9314457586,-293.64089292,81.7355490933,-33.4307798606,-105.668830422,-79.8466767018,-21.1194415115,-20.998042454,-74.2633110038,28.2361194498,-71.9979823405
-1266.00694347,-276.035212969,588.058298731,68.8496534735,90.8421864156,297.075225812,-91.0736541734,108.728591799,101.526772116,33.5407758366,-26.2758955205,105.151173178,9.3555974663,-1.26251332475,88.7936140833
169.187616354,-270.721132475,68.8496534735,426.776750482,80.2805628682,54.3653821854,-15.5449054677,-45.9984986672,47.1903125244,-32.2855419936,-73.8685804068,-92.0426115137,-27.3154832162,-16.3489120717,37.4440019933
-880.006351427,39.9314457586,90.8421864156,80.2805628682,352.375439357,56.3543102783,14.2101086828,27.6554154601,40.7017105462,14.9980746868,-17.0926639113,7.16061523763,-76.2067672603,43.6050035953,-16.5279846364
-728.779760406,-293.64089292,297.075225812,54.3653821854,56.3543102783,377.372954756,-94.9831848394,95.0459680197,27.5494562311,34.8414535342,-25.19354423,81.9122653375,18.2947173464,-1.07818323469,53.2036575174
185.418035046,81.7355490933,-91.0736541734,-15.5449054677,14.2101086828,-94.9831848394,148.57131756,-8.3606584653,-3.39617822762,-49.2990764703,1.51424117112,-35.7528038448,-13.4897915332,6.1530342323,-32.1002289343
-543.713199419,-33.4307798606,108.728591799,-45.9984986672,27.6554154601,95.0459680197,-8.3606584653,124.605971336,29.8001645086,36.2857583186,4.23366403509,58.8257536081,-10.0431038991,23.2178023439,-1.36395982663
-405.860078221,-105.668830422,101.526772116,47.1903125244,40.7017105462,27.5494562311,-3.39617822762,29.8001645086,128.920808257,44.5944513323,8.51523794869,21.0865057903,-25.3232706231,4.60449053548,6.45644784936
-375.305237036,-79.8466767018,33.5407758366,-32.2855419936,14.9980746868,34.8414535342,-49.2990764703,36.2857583186,44.5944513323,140.798219951,52.1778994804,50.520418116,-4.2042455282,9.07704798992,-11.9089093612
-81.2330337232,-21.1194415115,-26.2758955205,-73.8685804068,-17.0926639113,-25.19354423,1.51424117112,4.23366403509,8.51523794869,52.1778994804,108.254605927,50.1989507364,1.83424114203,12.6671192618,-22.1946535622
-645.100561132,-20.998042454,105.151173178,-92.0426115137,7.16061523763,81.9122653375,-35.7528038448,58.8257536081,21.0865057903,50.520418116,50.1989507364,161.311384034,9.42890302441,28.6826016245,-9.81831900917
297.711836135,-74.2633110038,9.3555974663,-27.3154832162,-76.2067672603,18.2947173464,-13.4897915332,-10.0431038991,-25.3232706231,-4.2042455282,1.83424114203,9.42890302441,104.829801094,-9.89256533535,8.33139989897
-307.824290117,28.2361194498,-1.26251332475,-16.3489120717,43.6050035953,-1.07818323469,6.1530342323,23.2178023439,4.60449053548,9.07704798992,12.6671192618,28.6826016245,-9.89256533535,90.6637578814,4.11938941652
1.02687539424,-71.9979823405,88.7936140833,37.4440019933,-16.5279846364,53.2036575174,-32.1002289343,-1.36395982663,6.45644784936,-11.9089093612,-22.1946535622,-9.81831900917,8.33139989897,4.11938941652,104.117447037
14809.8226584,-730.501468262,-2719.79165973,-1061.4214124,-495.413978981,-281.50425717,-486.948511649,124.465845716,-0.255493125576,-374.507331342,-74.4147793909,-418.379993441,-376.932589145,-296.662930476,-115.122506758
-730.501468262,952.092272753,199.937842456,-363.869276891,120.236770126,-147.859162295,66.7440483034,-70.524801626,31.1190529317,-54.6130169309,55.5330231043,-26.2023687406,-18.0584847472,-26.4317401573,27.0360550738
-2719.79165973,199.937842456,802.982270793,291.468076207,133.530403907,53.7298375373,111.066002564,-51.0007682421,2.03034914879,87.7412399845,33.8760111365,82.2022110655,108.183511635,56.2071106457,31.9958849209
-1061.4214124,-363.869276891,291.468076207,704.22086246,75.7908984762,222.780219404,19.9401288732,56.4137744931,-9.87011185177,114.68811416,-15.6110741594,63.8804354774,27.3140763931,72.6892440784,23.1690217546
-495.413978981,120.236770126,133.530403907,75.7908984762,169.144960084,25.0638875863,42.6801878865,-7.01810571492,27.4199000798,9.74027043063,7.6687322757,-10.4129956975,-19.5669454505,12.6723683749,25.2514860263
-281.50425717,-147.859162295,53.7298375373,222.780219404,25.0638875863,156.858120845,27.7024852862,29.5381594565,-8.11082343343,44.2135065736,-10.7645153474,19.9895699108,5.47441187942,15.3094956738,1.05204627926
-486.948511649,66.7440483034,111.066002564,19.9401288732,42.6801878865,27.7024852862,114.273509092,6.86634645236,19.2210019943,-6.3213812176,7.71656958067,3.22615753091,25.4608682977,-2.42678216612,15.6750970001
124.465845716,-70.524801626,-51.0007682421,56.4137744931,-7.01810571492,29.5381594565,6.86634645236,76.9015626345,14.2606341456,5.98960329329,-19.2775101059,-4.71393440001,-17.8230895982,2.69375012371,-3.83814174055
-0.255493125576,31.1190529317,2.03034914879,-9.87011185177,27.4199000798,-8.11082343343,19.2210019943,14.2606341456,68.8983783433,6.77253121166,4.32176216998,-21.9025377423,2.85522481909,1.63258568085,8.82887638977
-374.507331342,-54.6130169309,87.7412399845,114.68811416,9.74027043063,44.2135065736,-6.3213812176,5.98960329329,6.77253121166,86.6022199642,22.2358007649,30.2751327978,6.78299688332,15.2924222839,-2.6848766773
-74.4147793909,55.5330231043,33.8760111365,-15.6110741594,7.6687322757,-10.7645153474,7.71656958067,-19.2775101059,4.32176216998,22.2358007649,59.4288919087,21.9877480433,10.7860243245,-3.07217092487,5.55635346622
-418.379993441,-26.2023687406,82.2022110655,63.8804354774,-10.4129956975,19.9895699108,3.22615753091,-4.71393440001,-21.9025377423,30.2751327978,21.9877480433,75.1237851145,41.3250978924,10.9979937186,-7.29093991005
-376.932589145,-18.0584847472,108.183511635,27.3140763931,-19.5669454505,5.47441187942,25.4608682977,-17.8230895982,2.85522481909,6.78299688332,10.7860243245,41.3250978924,107.906934635,24.3638217916,0.923712941728
-296.662930476,-26.4317401573,56.2071106457,72.6892440784,12.6723683749,15.3094956738,-2.42678216612,2.69375012371,1.63258568085,15.2924222839,-3.07217092487,10.9979937186,24.3638217916,53.6333266368,17.0896489294
-115.122506758,27.0360550738,31.9958849209,23.1690217546,25.2514860263,1.05204627926,15.6750970001,-3.83814174055,8.82887638977,-2.6848766773,5.55635346622,-7.29093991005,0.923712941728,17.0896489294,43.6641365623
7342.28902827,-243.626438862,-76.3983406902,-22.8720459,-622.670520288,259.539539533,-113.882050732,-340.580120874,-322.831052961,-146.08730309,-146.067531509,-36.1396557747,151.002571756,-200.900122054,-30.7389985145
-243.626438862,1580.47189282,71.042065786,-238.663385667,240.834896156,-186.732510022,157.526389429,-89.9900348667,62.2873369454,-118.574588813,-5.61195918232,-19.3127717828,27.8853826173,-31.114240283,68.2080469559
-76.3983406902,71.042065786,304.379397106,99.6248179062,66.5329765531,39.255104915,122.372508946,33.0977924588,67.9475816196,49.3364564501,46.2449712784,31.4007473338,36.4592515543,14.4127000633,42.9735368384
-22.8720459,-238.663385667,99.6248179062,279.455571122,40.6180638155,112.282392946,22.1462575743,-20.2755625757,42.5108097103,49.2498191033,33.8062729825,30.0472179348,28.6821105564,-12.4862760897,27.8659381445
-622.670520288,240.834896156,66.5329765531,40.6180638155,353.475226686,24.4887399992,71.5247909225,24.2123272151,96.3153671913,12.9985559339,80.5553702322,28.2407433409,12.0374673086,33.0324905845,45.5404123896
259.539539533,-186.732510022,39.255104915,112.282392946,24.4887399992,154.901154579,20.2687521754,-14.9874670118,-10.0249990698,18.3335835905,28.2343602205,24.7727107822,19.8352507814,-2.38672014515,4.93542326629
-113.882050732,157.526389429,122.372508946,22.1462575743,71.5247909225,20.2687521754,158.085734286,35.8997429048,63.8088601404,2.08282275961,44.0650641916,12.6158801196,37.4219030576,8.0571504032,35.7260644274
-340.580120874,-89.9900348667,33.0977924588,-20.2755625757,24.2123272151,-14.9874670118,35.8997429048,192.065210646,61.0580704629,52.1053300551,25.2440106272,9.35466678182,-25.3208159246,50.1037237668,8.58822011609
-322.831052961,62.2873369454,67.9475816196,42.5108097103,96.3153671913,-10.0249990698,63.8088601404,61.0580704629,146.736181197,72.8896262783,55.2555887997,12.1537234984,20.5389111144,16.2485073611,35.5394875213
-146.08730309,-118.574588813,49.3364564501,49.2498191033,12.9985559339,18.3335835905,2.08282275961,52.1053300551,72.8896262783,141.061215061,40.105349446,22.2481977043,4.28973117549,14.5333574738,4.22818366931
-146.067531509,-5.61195918232,46.2449712784,33.8062729825,80.5553702322,28.2343602205,44.0650641916,25.2440106272,55.2555887997,40.105349446,104.307745806,35.2022062307,32.882300204,18.89133925,22.7808878117
-36.1396557747,-19.3127717828,31.4007473338,30.0472179348,28.2407433409,24.7727107822,12.6158801196,9.35466678182,12.1537234984,22.2481977043,35.2022062307,74.5099335919,25.5382861093,19.0935349681,12.2999520331
151.002571756,27.8853826173,36.4592515543,28.6821105564,12.0374673086,19.8352507814,37.4219030576,-25.3208159246,20.5389111144,4.28973117549,32.882300204,25.5382861093,80.0698774128,13.7587262728,20.4095354351
-200.900122054,-31.114240283,14.4127000633,-12.4862760897,33.0324905845,-2.38672014515,8.0571504032,50.1037237668,16.2485073611,14.5333574738,18.89133925,19.0935349681,13.7587262728,69.706305783,19.0454819215
-30.7389985145,68.2080469559,42.9735368384,27.8659381445,45.5404123896,4.93542326629,35.7260644274,8.58822011609,35.5394875213,4.22818366931,22.7808878117,12.2999520331,20.4095354351,19.0454819215,67.4006800304
6133.05520143,-997.033390414,-1889.12771122,-6.149632822,-454.962979728,-545.432858344,63.9673407487,-329.19727954,1.45421081004,-137.85153897,348.120160377,-215.742644808,82.3517138333,-135.381512731,43.2627796497
-997.033390414,856.756780374,414.081827431,-81.8268089585,91.9523487986,125.763702147,48.9603220549,72.5354493751,18.3081384332,-60.3084848047,-118.915524667,93.3710182292,-53.0574567421,-47.0893694009,-41.0952955788
-1889.12771122,414.081827431,858.855348349,15.3270802972,120.763767697,196.746914711,-35.879216672,93.9000743361,49.6041791094,15.4534393339,-143.847362233,91.2467231049,-13.8325442082,-5.16664800448,-9.9432636669
-6.149632822,-81.8268089585,15.3270802972,365.94171207,74.4316824186,-32.1293945917,-31.5817411381,-46.3525355741,24.186042403,15.0393187297,-100.250461573,-42.247238877,11.4362418179,2.24765383604,10.242648057
-454.962979728,91.9523487986,120.763767697,74.4316824186,253.953078144,22.1807407117,21.6180931229,32.5082248629,-5.06998834014,2.0757301867,-48.1680350762,-37.5819470293,-32.1948624693,19.3900367662,-0.212454432487
-545.432858344,125.763702147,196.746914711,-32.1293945917,22.1807407117,216.741251526,11.2749745723,-4.24531967917,2.00216911089,9.2267709488,-53.9855022778,44.2128098365,-5.12827819852,-15.4239308572,-3.53630353133
