3.125808424140000170e+03,-1.242874601880000000e+03,2.574732802870000228e+02,-6.395483573300000302e+01,-5.272708443070000328e+01,4.622073756569999858e+01,-2.511082423679999920e+01,-1.175697496289999933e+01,2.814655810489999865e+01,6.663745977370000162e+01,1.985889621020000106e+00,-1.014545596319999987e+02,-8.464815925230000460e+01,-1.327655065449999894e+00,2.498371757399999993e+01
-1.242874601880000000e+03,1.416566027509999913e+03,-3.823416968280000106e+01,9.420512190019999821e+01,-2.127305565920000063e+01,-5.324222296260000320e+01,-2.085630634369999825e+01,3.870678182670000211e+01,1.643092493669999854e+01,3.249907112339999848e+00,-5.562737654589999892e+01,5.533191144900000324e+01,7.171239181069999802e+01,2.891006725009999911e+01,-1.205588820110000015e+01
2.574732802870000228e+02,-3.823416968280000106e+01,2.365559246830000006e+02,2.435013923940000158e+00,1.746249528519999927e+01,-1.913478015340000127e+01,-1.541442633730000011e+01,6.416716082259999787e+00,1.177030639130000012e+01,2.910905912100000137e+01,6.967542361589999622e+00,-4.091645484979999914e+00,-1.715057846479999881e+01,4.709816929129999608e+00,5.190405457319999805e+00
-6.395483573300000302e+01,9.420512190019999821e+01,2.435013923940000158e+00,9.762756611099999304e+01,1.537375148039999928e+01,5.219564641479999878e+00,2.005601121449999802e+00,-6.410098260459999864e+00,-5.417092752520000332e+00,1.599756600429999942e+01,9.181972459869999881e+00,-5.935147155970000199e+00,-1.701607568049999841e+01,1.650199364089999898e+00,4.747016691149999801e+00
-5.272708443070000328e+01,-2.127305565920000063e+01,1.746249528519999927e+01,1.537375148039999928e+01,7.842985414470000194e+01,1.470202794949999969e+01,5.715836441249999567e+00,-8.194452195789999394e+00,-1.847544796040000037e+01,3.585824304359999992e+00,2.181654098690000154e+01,-6.106766214150000316e+00,-1.995002465230000155e+01,3.577078037690000212e+00,4.815220696709999970e+00
4.622073756569999858e+01,-5.324222296260000320e+01,-1.913478015340000127e+01,5.219564641479999878e+00,1.470202794949999969e+01,6.864059261799999945e+01,2.698362577039999977e+01,5.886761020459999827e+00,-4.720299065519999893e+00,-6.560126416810000194e+00,-3.092996974450000103e+00,2.197147482280000119e+00,3.311812630529999968e+00,1.716484988479999974e+00,2.139481925060000123e+00
-2.511082423679999920e+01,-2.085630634369999825e+01,-1.541442633730000011e+01,2.005601121449999802e+00,5.715836441249999567e+00,2.698362577039999977e+01,6.296678529110000255e+01,2.276386931569999916e+01,-2.714933604820000124e+00,-7.202053139540000259e+00,2.507426371269999787e+00,2.978631526900000104e+00,2.397269046009999904e+00,-1.341629755420000070e+00,-1.698340365089999970e+00
-1.175697496289999933e+01,3.870678182670000211e+01,6.416716082259999787e+00,-6.410098260459999864e+00,-8.194452195789999394e+00,5.886761020459999827e+00,2.276386931569999916e+01,7.754267816899999843e+01,4.000409101340000007e+01,-6.319246283360000049e+00,-2.473205738040000057e+01,6.764156876780000438e+00,1.520975836480000076e+01,-5.897420091019999866e+00,-7.514189260540000248e+00
2.814655810489999865e+01,1.643092493669999854e+01,1.177030639130000012e+01,-5.417092752520000332e+00,-1.847544796040000037e+01,-4.720299065519999893e+00,-2.714933604820000124e+00,4.000409101340000007e+01,8.176395784650000564e+01,1.861368445789999981e+01,-2.981262270199999875e+01,-2.872281051789999928e+00,9.449151210929999323e+00,-2.196077653200000146e+00,-3.481798039690000124e+00
6.663745977370000162e+01,3.249907112339999848e+00,2.910905912100000137e+01,1.599756600429999942e+01,3.585824304359999992e+00,-6.560126416810000194e+00,-7.202053139540000259e+00,-6.319246283360000049e+00,1.861368445789999981e+01,7.260781907989999695e+01,2.874749920909999901e+01,-2.444519776759999985e+01,-3.308533663130000235e+01,7.791932275699999799e+00,4.944471804360000000e+00
1.985889621020000106e+00,-5.562737654589999892e+01,6.967542361589999622e+00,9.181972459869999881e+00,2.181654098690000154e+01,-3.092996974450000103e+00,2.507426371269999787e+00,-2.473205738040000057e+01,-2.981262270199999875e+01,2.874749920909999901e+01,7.398115847869999584e+01,3.042863575790000219e+00,-3.155620190699999839e+01,4.714217947249999874e+00,1.378499354509999941e+00
-1.014545596319999987e+02,5.533191144900000324e+01,-4.091645484979999914e+00,-5.935147155970000199e+00,-6.106766214150000316e+00,2.197147482280000119e+00,2.978631526900000104e+00,6.764156876780000438e+00,-2.872281051789999928e+00,-2.444519776759999985e+01,3.042863575790000219e+00,6.815019944930000406e+01,5.146899545539999821e+01,-1.239952357079999956e+00,-1.354668165290000026e+01
-8.464815925230000460e+01,7.171239181069999802e+01,-1.715057846479999881e+01,-1.701607568049999841e+01,-1.995002465230000155e+01,3.311812630529999968e+00,2.397269046009999904e+00,1.520975836480000076e+01,9.449151210929999323e+00,-3.308533663130000235e+01,-3.155620190699999839e+01,5.146899545539999821e+01,1.052939578329999932e+02,2.346712550239999828e+01,-8.893929151200000049e+00
-1.327655065449999894e+00,2.891006725009999911e+01,4.709816929129999608e+00,1.650199364089999898e+00,3.577078037690000212e+00,1.716484988479999974e+00,-1.341629755420000070e+00,-5.897420091019999866e+00,-2.196077653200000146e+00,7.791932275699999799e+00,4.714217947249999874e+00,-1.239952357079999956e+00,2.346712550239999828e+01,5.569646341840000048e+01,2.271286036529999919e+01
2.498371757399999993e+01,-1.205588820110000015e+01,5.190405457319999805e+00,4.747016691149999801e+00,4.815220696709999970e+00,2.139481925060000123e+00,-1.698340365089999970e+00,-7.514189260540000248e+00,-3.481798039690000124e+00,4.944471804360000000e+00,1.378499354509999941e+00,-1.354668165290000026e+01,-8.893929151200000049e+00,2.271286036529999919e+01,4.568576064799999870e+01
4.739506370039999638e+03,-1.528845986230000108e+03,4.378203570040000159e+01,-2.263215642319999859e+02,-1.579334803739999984e+02,-5.299030897309999943e+01,-2.433927434759999997e+01,-3.000555319689999934e+01,8.179521531969999870e+00,-1.787742119440000010e+01,-1.604566764250000119e+02,-1.478466849540000112e+02,-7.755833238600000357e+01,-6.377932939960000169e+01,2.154144151330000057e+01
-1.528845986230000108e+03,1.057704829150000023e+03,-2.151136657640000038e+01,4.994174422550000259e+01,1.136663672199999979e+02,-2.440189579020000110e+01,4.232623653910000172e+00,-4.946101941999999951e+01,-2.622478682579999898e+01,-5.364294586380000140e+01,2.182655780600000206e+00,8.681461041699999726e+01,8.731867563570000357e+01,6.567944082580000398e+00,1.935500901940000018e+00
4.378203570040000159e+01,-2.151136657640000038e+01,2.033350631399999884e+02,1.600294198499999965e+01,1.080182325100000007e+01,-1.859774308060000081e+01,1.322963364470000069e+00,9.951548987099999577e-01,-3.613597278890000042e-01,1.244257659310000097e+00,1.938157730980000082e+01,1.920159790980000025e+01,-2.640916199229999961e+01,-1.748044868499999893e+01,-1.812106976209999942e+01
-2.263215642319999859e+02,4.994174422550000259e+01,1.600294198499999965e+01,1.025476756909999949e+02,1.631445186630000066e+01,1.356875064669999986e+01,-1.535366884970000001e+01,1.039103529329999986e+01,-4.515782217980000013e+00,1.015038581269999973e+01,2.997316247239999853e+01,1.144998316510000080e+01,-5.282242684909999930e+00,1.037489864489999913e+00,-6.855385154130000380e+00
-1.579334803739999984e+02,1.136663672199999979e+02,1.080182325100000007e+01,1.631445186630000066e+01,1.141442498140000055e+02,5.890281582950000150e+00,1.843141652110000095e+01,-1.902052538319999897e+01,-1.262818173299999991e+01,-3.128526063839999871e+00,3.907006879409999911e+00,4.065620300390000352e+01,3.423141701790000013e+01,-5.827493561369999853e+00,-6.659181389859999634e+00
-5.299030897309999943e+01,-2.440189579020000110e+01,-1.859774308060000081e+01,1.356875064669999986e+01,5.890281582950000150e+00,6.936952436309999825e+01,9.082970828449999701e+00,8.167633532920000050e+00,-2.106368977669999865e+00,1.162489903120000001e+01,1.615470550399999894e+01,-1.092349877930000046e+00,3.726661267789999954e+00,1.037393109899999999e+01,4.833291904740000255e+00
-2.433927434759999997e+01,4.232623653910000172e+00,1.322963364470000069e+00,-1.535366884970000001e+01,1.843141652110000095e+01,9.082970828449999701e+00,7.223227654519999419e+01,1.834644289799999939e+01,-1.287098330270000091e-01,-3.444148474819999972e+00,-7.714101642390000180e+00,1.098456679569999928e+01,1.163942075479999971e+01,1.021786999070000057e+01,8.067068037909999489e+00
-3.000555319689999934e+01,-4.946101941999999951e+01,9.951548987099999577e-01,1.039103529329999986e+01,-1.902052538319999897e+01,8.167633532920000050e+00,1.834644289799999939e+01,6.584106145130000698e+01,2.191758631840000149e+01,1.189538673710000083e+01,6.118691130990000282e+00,-8.301962696349999504e+00,-1.530640886760000008e+01,1.227928068089999947e+01,4.155883984549999965e+00
8.179521531969999870e+00,-2.622478682579999898e+01,-3.613597278890000042e-01,-4.515782217980000013e+00,-1.262818173299999991e+01,-2.106368977669999865e+00,-1.287098330270000091e-01,2.191758631840000149e+01,6.301371285559999791e+01,2.252309789090000081e+01,-7.159826188660000090e-01,-1.804509907230000110e+01,-1.488905302090000049e+01,5.563385546720000185e+00,9.870599770200000345e-01
-1.787742119440000010e+01,-5.364294586380000140e+01,1.244257659310000097e+00,1.015038581269999973e+01,-3.128526063839999871e+00,1.162489903120000001e+01,-3.444148474819999972e+00,1.189538673710000083e+01,2.252309789090000081e+01,7.158869577119999406e+01,2.880231755100000157e+01,-2.446198842820000152e+01,-7.510933925499999830e+00,1.429864394760000046e+01,1.280706949810000062e+01
-1.604566764250000119e+02,2.182655780600000206e+00,1.938157730980000082e+01,2.997316247239999853e+01,3.907006879409999911e+00,1.615470550399999894e+01,-7.714101642390000180e+00,6.118691130990000282e+00,-7.159826188660000090e-01,2.880231755100000157e+01,9.025932816079999554e+01,4.042288465869999925e+01,-1.230619766180000063e+01,-1.057271055210000021e+01,-2.016096018160000014e+01
-1.478466849540000112e+02,8.681461041699999726e+01,1.920159790980000025e+01,1.144998316510000080e+01,4.065620300390000352e+01,-1.092349877930000046e+00,1.098456679569999928e+01,-8.301962696349999504e+00,-1.804509907230000110e+01,-2.446198842820000152e+01,4.042288465869999925e+01,1.161516427819999961e+02,3.195143124419999836e+01,-2.836243467839999965e+01,-4.151860466530000338e+01
-7.755833238600000357e+01,8.731867563570000357e+01,-2.640916199229999961e+01,-5.282242684909999930e+00,3.423141701790000013e+01,3.726661267789999954e+00,1.163942075479999971e+01,-1.530640886760000008e+01,-1.488905302090000049e+01,-7.510933925499999830e+00,-1.230619766180000063e+01,3.195143124419999836e+01,8.429972237970000037e+01,2.451276327960000145e+01,1.910299127830000110e+00
-6.377932939960000169e+01,6.567944082580000398e+00,-1.748044868499999893e+01,1.037489864489999913e+00,-5.827493561369999853e+00,1.037393109899999999e+01,1.021786999070000057e+01,1.227928068089999947e+01,5.563385546720000185e+00,1.429864394760000046e+01,-1.057271055210000021e+01,-2.836243467839999965e+01,2.451276327960000145e+01,8.485109055079999507e+01,4.764755030860000318e+01
2.154144151330000057e+01,1.935500901940000018e+00,-1.812106976209999942e+01,-6.855385154130000380e+00,-6.659181389859999634e+00,4.833291904740000255e+00,8.067068037909999489e+00,4.155883984549999965e+00,9.870599770200000345e-01,1.280706949810000062e+01,-2.016096018160000014e+01,-4.151860466530000338e+01,1.910299127830000110e+00,4.764755030860000318e+01,8.418545137239999576e+01
7.429712795149999693e+03,2.172405488549999859e+02,-1.488695058779999954e+03,-6.137051229810000450e+02,-2.192771910470000023e+02,-4.364501870870000175e+02,-2.662364579989999811e+02,1.691683511889999991e+01,1.854412024640000141e+02,2.142449887710000098e+02,-1.090291804790000043e+02,-2.395272777840000060e+02,1.429236980199999962e+01,-4.893878857109999814e+01,1.296599426299999891e+02
2.172405488549999859e+02,5.371450978450000093e+02,1.362171558870000077e+01,-8.230807976420000216e+01,-1.471622034900000031e+01,1.147190129230000011e+01,-1.114818037859999933e+01,-3.612910873810000112e+01,-6.996281451670000706e+01,-3.361100911030000304e+01,1.906854641689999852e+01,-5.526998141690000033e+00,-2.429674618210000148e+01,2.754198227819999900e+00,-4.933788533679999944e+01
-1.488695058779999954e+03,1.362171558870000077e+01,5.236157968390000406e+02,1.282970119839999938e+02,2.627115717879999934e+01,1.017058779679999958e+02,7.665083326330000091e+01,1.695825351449999907e+00,-4.156867624849999743e+01,-5.866983231849999925e+01,9.422194326870000580e+00,6.343504746709999864e+01,-5.900408567839999563e+00,-1.840893301310000041e+01,-3.240750673739999854e+01
-6.137051229810000450e+02,-8.230807976420000216e+01,1.282970119839999938e+02,1.474425413989999925e+02,3.550309069429999909e+01,1.282006288910000080e+01,1.610824342029999912e+01,3.928186225760000205e+00,-6.423031681740000387e+00,-6.583994287860000405e+00,2.058692856710000019e+00,1.612639396999999875e+01,2.100361533819999904e-01,-3.521685809390000088e+00,-1.232739967830000083e+01
-2.192771910470000023e+02,-1.471622034900000031e+01,2.627115717879999934e+01,3.550309069429999909e+01,7.862025992460000623e+01,3.440027612130000279e+01,-6.833061233069999574e+00,-4.908675705210000295e+00,-7.941605685969999939e+00,-8.529617616130000357e+00,2.203404810249999901e+00,1.343439936310000027e+00,-1.179369301890000088e+01,-7.814960820809999653e+00,-6.197824802230000429e+00
-4.364501870870000175e+02,1.147190129230000011e+01,1.017058779679999958e+02,1.282006288910000080e+01,3.440027612130000279e+01,8.500188322590000212e+01,3.660485436159999750e+01,-1.262001416710000079e+01,-3.018248300380000160e+01,-2.572836390510000015e+01,1.146303512249999912e+01,2.441722651190000093e+01,-6.972527231109999502e-01,-1.835874231400000056e+00,-6.960327352420000224e+00
-2.662364579989999811e+02,-1.114818037859999933e+01,7.665083326330000091e+01,1.610824342029999912e+01,-6.833061233069999574e+00,3.660485436159999750e+01,6.522038243229999921e+01,1.630037323170000008e+01,-1.538957641680000066e+01,-1.352770844610000012e+01,3.476807684629999784e+00,1.995333580910000038e+01,1.070279128910000033e+01,1.415193223780000009e+00,-6.521554850470000275e+00
1.691683511889999991e+01,-3.612910873810000112e+01,1.695825351449999907e+00,3.928186225760000205e+00,-4.908675705210000295e+00,-1.262001416710000079e+01,1.630037323170000008e+01,5.932043183990000301e+01,3.564743015749999699e+01,-4.363978601020000347e+00,-1.954969038080000132e+01,-7.875589026350000132e+00,-1.261848360979999972e+00,-4.712312479799999565e+00,5.418492750829999594e+00
1.854412024640000141e+02,-6.996281451670000706e+01,-4.156867624849999743e+01,-6.423031681740000387e+00,-7.941605685969999939e+00,-3.018248300380000160e+01,-1.538957641680000066e+01,3.564743015749999699e+01,8.840397094370000275e+01,3.543485265270000184e+01,-3.054642429289999939e+01,-2.198747676070000168e+01,-2.846166696700000109e+00,-6.236712763299999907e+00,1.773931536639999962e+01
2.142449887710000098e+02,-3.361100911030000304e+01,-5.866983231849999925e+01,-6.583994287860000405e+00,-8.529617616130000357e+00,-2.572836390510000015e+01,-1.352770844610000012e+01,-4.363978601020000347e+00,3.543485265270000184e+01,7.750700474129999407e+01,2.270304242079999923e+01,-1.756772507739999867e+01,-1.938186184030000092e+00,-4.456483217129999730e+00,3.653565680229999835e-01
-1.090291804790000043e+02,1.906854641689999852e+01,9.422194326870000580e+00,2.058692856710000019e+00,2.203404810249999901e+00,1.146303512249999912e+01,3.476807684629999784e+00,-1.954969038080000132e+01,-3.054642429289999939e+01,2.270304242079999923e+01,7.492860208480000495e+01,2.760831094359999938e+01,-2.888532267009999988e+00,-5.057899532009999533e-01,-1.943380936799999859e+01
-2.395272777840000060e+02,-5.526998141690000033e+00,6.343504746709999864e+01,1.612639396999999875e+01,1.343439936310000027e+00,2.441722651190000093e+01,1.995333580910000038e+01,-7.875589026350000132e+00,-2.198747676070000168e+01,-1.756772507739999867e+01,2.760831094359999938e+01,7.439299781340000095e+01,3.526241097249999967e+01,3.544857985700000214e+00,-1.010735075710000075e+01
1.429236980199999962e+01,-2.429674618210000148e+01,-5.900408567839999563e+00,2.100361533819999904e-01,-1.179369301890000088e+01,-6.972527231109999502e-01,1.070279128910000033e+01,-1.261848360979999972e+00,-2.846166696700000109e+00,-1.938186184030000092e+00,-2.888532267009999988e+00,3.526241097249999967e+01,6.126151478930000138e+01,2.525050696110000104e+01,2.262259040030000001e+00
-4.893878857109999814e+01,2.754198227819999900e+00,-1.840893301310000041e+01,-3.521685809390000088e+00,-7.814960820809999653e+00,-1.835874231400000056e+00,1.415193223780000009e+00,-4.712312479799999565e+00,-6.236712763299999907e+00,-4.456483217129999730e+00,-5.057899532009999533e-01,3.544857985700000214e+00,2.525050696110000104e+01,6.129606194240000150e+01,1.925080360540000157e+01
1.296599426299999891e+02,-4.933788533679999944e+01,-3.240750673739999854e+01,-1.232739967830000083e+01,-6.197824802230000429e+00,-6.960327352420000224e+00,-6.521554850470000275e+00,5.418492750829999594e+00,1.773931536639999962e+01,3.653565680229999835e-01,-1.943380936799999859e+01,-1.010735075710000075e+01,2.262259040030000001e+00,1.925080360540000157e+01,5.177209428670000335e+01
2.658459949510000115e+03,-4.855879231709999999e+02,1.152820523940000044e+02,1.381647390070000085e+02,-1.873057081680000024e+01,8.779163971750000428e+01,3.262115186399999800e+01,5.864722789180000007e+01,1.075970803950000061e+02,2.037808375150000018e+02,9.715280211539999300e+01,1.615891405140000003e+01,1.372797134009999986e+01,-2.810685123769999905e+01,-1.170548538219999983e+02
-4.855879231709999999e+02,3.431643500179999933e+02,2.567004359710000116e+01,-1.217960800510000041e+01,-2.247429089959999793e+00,-1.852233991250000145e+01,-1.406524549870000085e+00,2.724644388949999829e+00,-3.018457535510000156e+01,-4.564618078569999682e+01,-1.570934808199999999e+01,-1.414677505020000003e+00,1.011473789529999889e+00,-2.427553569430000024e+01,3.422876910709999887e+00
1.152820523940000044e+02,2.567004359710000116e+01,1.434580376920000049e+02,3.703103768289999920e+01,1.576724138680000031e+01,-1.184660250599999998e+01,1.000614664950000066e+00,6.769498499340000031e+00,-2.797880526000000145e+00,2.342550134389999883e+01,1.129582774870000073e+01,2.967669881229999973e+00,-5.760263426259999875e+00,-1.145991038480000057e+01,-2.047207352530000080e+01
1.381647390070000085e+02,-1.217960800510000041e+01,3.703103768289999920e+01,1.029291009540000061e+02,2.229884817829999832e+01,1.669666231349999919e+01,3.542917813499999902e+00,9.963866228580000595e+00,1.589924634309999973e+01,3.648429999860000095e+01,2.671740132829999936e+01,1.662035108190000088e+01,6.055262263450000404e+00,-3.183953897649999920e+00,-9.046961826560000475e+00
-1.873057081680000024e+01,-2.247429089959999793e+00,1.576724138680000031e+01,2.229884817829999832e+01,6.453593418670000403e+01,1.489228216969999963e+01,2.697341709069999816e+00,8.130869888999999739e-01,3.384050740759999787e+00,7.516052155919999755e+00,6.253545095399999809e+00,1.106051305129999918e+01,2.016456427530000095e+00,-3.621397626979999895e+00,-4.532552363639999804e+00
8.779163971750000428e+01,-1.852233991250000145e+01,-1.184660250599999998e+01,1.669666231349999919e+01,1.489228216969999963e+01,6.700722890309999968e+01,2.730183082130000116e+01,7.007971913919999629e+00,1.441631136740000052e+01,1.915141214659999847e+01,1.213130338240000050e+01,8.405379417469999836e+00,7.073453698079999796e+00,-2.017281700189999860e+00,-1.495141166330000004e+01
3.262115186399999800e+01,-1.406524549870000085e+00,1.000614664950000066e+00,3.542917813499999902e+00,2.697341709069999816e+00,2.730183082130000116e+01,6.179526185150000117e+01,2.963300548679999835e+01,1.435440773080000021e+01,1.010416313129999999e+01,1.547235528040000085e+00,-8.887598709859999557e-01,3.469602101480000034e+00,3.661720016939999933e+00,-1.243857096760000047e+01
5.864722789180000007e+01,2.724644388949999829e+00,6.769498499340000031e+00,9.963866228580000595e+00,8.130869888999999739e-01,7.007971913919999629e+00,2.963300548679999835e+01,5.959765354910000212e+01,3.381545373990000058e+01,1.229159109030000074e+01,-3.664697896999999926e+00,-1.045307830860000031e+01,-1.857025329260000079e+00,1.297599910820000035e+00,-7.133380440029999825e+00
1.075970803950000061e+02,-3.018457535510000156e+01,-2.797880526000000145e+00,1.589924634309999973e+01,3.384050740759999787e+00,1.441631136740000052e+01,1.435440773080000021e+01,3.381545373990000058e+01,8.315053491289999954e+01,5.048498739499999743e+01,6.715720679590000408e+00,-1.402422979830000038e+01,-8.974010425670000402e+00,2.869424654789999862e-01,-1.413599879280000060e+01
2.037808375150000018e+02,-4.564618078569999682e+01,2.342550134389999883e+01,3.648429999860000095e+01,7.516052155919999755e+00,1.915141214659999847e+01,1.010416313129999999e+01,1.229159109030000074e+01,5.048498739499999743e+01,8.975635504150000088e+01,3.515169545839999898e+01,-3.051350211709999982e+00,-1.234519774099999978e+01,-1.108365828180000001e+01,-2.406668287829999997e+01
9.715280211539999300e+01,-1.570934808199999999e+01,1.129582774870000073e+01,2.671740132829999936e+01,6.253545095399999809e+00,1.213130338240000050e+01,1.547235528040000085e+00,-3.664697896999999926e+00,6.715720679590000408e+00,3.515169545839999898e+01,5.886776762760000281e+01,2.429032502049999920e+01,-1.303805704109999963e+00,-1.090907324219999985e+01,-1.254430174820000055e+01
1.615891405140000003e+01,-1.414677505020000003e+00,2.967669881229999973e+00,1.662035108190000088e+01,1.106051305129999918e+01,8.405379417469999836e+00,-8.887598709859999557e-01,-1.045307830860000031e+01,-1.402422979830000038e+01,-3.051350211709999982e+00,2.429032502049999920e+01,6.733985411259999410e+01,2.953173244910000150e+01,-8.193302463329999341e+00,-1.223006174580000049e+01
1.372797134009999986e+01,1.011473789529999889e+00,-5.760263426259999875e+00,6.055262263450000404e+00,2.016456427530000095e+00,7.073453698079999796e+00,3.469602101480000034e+00,-1.857025329260000079e+00,-8.974010425670000402e+00,-1.234519774099999978e+01,-1.303805704109999963e+00,2.953173244910000150e+01,6.349582896159999734e+01,2.385887825360000036e+01,-6.389896453779999597e+00
-2.810685123769999905e+01,-2.427553569430000024e+01,-1.145991038480000057e+01,-3.183953897649999920e+00,-3.621397626979999895e+00,-2.017281700189999860e+00,3.661720016939999933e+00,1.297599910820000035e+00,2.869424654789999862e-01,-1.108365828180000001e+01,-1.090907324219999985e+01,-8.193302463329999341e+00,2.385887825360000036e+01,5.978388138519999728e+01,2.879986298040000037e+01
-1.170548538219999983e+02,3.422876910709999887e+00,-2.047207352530000080e+01,-9.046961826560000475e+00,-4.532552363639999804e+00,-1.495141166330000004e+01,-1.243857096760000047e+01,-7.133380440029999825e+00,-1.413599879280000060e+01,-2.406668287829999997e+01,-1.254430174820000055e+01,-1.223006174580000049e+01,-6.389896453779999597e+00,2.879986298040000037e+01,6.733457785390000083e+01
3.261211559169999873e+03,-5.703890511810000135e+02,-8.721632397659999469e+01,-1.755939433279999946e+02,-1.528313009119999890e+02,-2.620682585470000276e+02,-1.978198009650000131e+02,-7.506641495889999760e+01,3.342112525830000180e+01,-1.373826777289999939e+02,-3.479164571449999812e+02,-1.196997544740000023e+02,-9.314520187840000176e+01,3.708720191679999800e+01,2.959518920829999900e+01
-5.703890511810000135e+02,4.860300323370000228e+02,7.209472712209999656e+01,-2.045099917749999996e+00,-3.038621794399999843e+01,-1.544785324250000080e+01,-3.311603273869999953e+01,-4.379624262579999794e+01,-3.085291821810000101e+01,4.276762325440000012e+01,5.756964320819999870e+01,-5.810289351669999824e+00,-6.732819852020000440e+00,-9.722572383419999298e+00,-2.320603010780000020e+01
-8.721632397659999469e+01,7.209472712209999656e+01,2.340286382749999916e+02,4.272207441289999963e+01,-3.204267480960000114e+01,-6.385635137260000249e+01,-3.811676075089999927e+01,-1.940907247279999837e+01,9.373143719770000715e+00,5.203269504649999710e+00,4.916088885970000266e-01,-3.398127748299999951e+01,-1.932471419210000008e+01,3.854299091680000178e+00,9.212496732520000009e+00
-1.755939433279999946e+02,-2.045099917749999996e+00,4.272207441289999963e+01,1.370375726970000017e+02,-1.792668949929999922e+00,-1.315474326750000067e+01,-1.785095049170000081e+01,8.558575312369999466e+00,8.087531209319999803e+00,2.349231312610000089e+01,1.112827155259999934e+01,1.056980079019999991e-01,-2.440385779329999849e+01,-1.945398082180000099e+00,6.331450848370000273e+00
-1.528313009119999890e+02,-3.038621794399999843e+01,-3.204267480960000114e+01,-1.792668949929999922e+00,1.693178259109999999e+02,4.979941448430000150e+01,2.297680865159999808e+00,-2.019011419570000143e+01,7.597288637470000161e+00,-2.693303193350000058e+01,3.350706542300000024e+01,9.017000416460000167e+00,4.267787830230000168e+01,-8.762709617749999680e+00,-1.751156291610000082e+01
-2.620682585470000276e+02,-1.544785324250000080e+01,-6.385635137260000249e+01,-1.315474326750000067e+01,4.979941448430000150e+01,1.540111052149999864e+02,7.738440755050000064e+01,-2.943092344570000241e-01,-5.938303704999999866e+01,-3.446422827050000137e+01,6.190138280899999756e+01,7.015767361410000547e+01,3.417942877170000315e+01,-3.015969532329999936e+01,-2.684970460659999958e+01
-1.978198009650000131e+02,-3.311603273869999953e+01,-3.811676075089999927e+01,-1.785095049170000081e+01,2.297680865159999808e+00,7.738440755050000064e+01,1.637784748919999913e+02,2.954508106060000117e+01,-4.691949247369999654e+01,-6.122906645740000187e+01,3.436306419520000333e+01,4.340241042230000090e+01,4.383642123500000309e+01,-2.043303214020000169e+01,-1.243497890469999945e+01
-7.506641495889999760e+01,-4.379624262579999794e+01,-1.940907247279999837e+01,8.558575312369999466e+00,-2.019011419570000143e+01,-2.943092344570000241e-01,2.954508106060000117e+01,1.490366189949999978e+02,5.301180214810000280e+01,-2.138553525169999858e+01,-1.022535643110000052e+02,-3.961274394259999809e+01,6.287050874519999866e+01,6.894691804439999316e+01,-6.762499895170000386e+00
3.342112525830000180e+01,-3.085291821810000101e+01,9.373143719770000715e+00,8.087531209319999803e+00,7.597288637470000161e+00,-5.938303704999999866e+01,-4.691949247369999654e+01,5.301180214810000280e+01,1.545858478369999887e+02,5.017793338669999770e+01,-1.096704819330000049e+02,-1.053650341360000056e+02,1.657886466509999934e+01,8.294401934469999560e+01,2.876747390770000123e+01
-1.373826777289999939e+02,4.276762325440000012e+01,5.203269504649999710e+00,2.349231312610000089e+01,-2.693303193350000058e+01,-3.446422827050000137e+01,-6.122906645740000187e+01,-2.138553525169999858e+01,5.017793338669999770e+01,1.801717640619999941e+02,4.806567976129999664e+01,-3.746682630419999782e+01,-1.086711793660000041e+02,-5.618088168809999949e+00,5.484078717540000270e+01
-3.479164571449999812e+02,5.756964320819999870e+01,4.916088885970000266e-01,1.112827155259999934e+01,3.350706542300000024e+01,6.190138280899999756e+01,3.436306419520000333e+01,-1.022535643110000052e+02,-1.096704819330000049e+02,4.806567976129999664e+01,2.835886696000000029e+02,1.297130836919999979e+02,-1.143376927139999992e+02,-1.402214917599999922e+02,1.409993129050000071e+01
-1.196997544740000023e+02,-5.810289351669999824e+00,-3.398127748299999951e+01,1.056980079019999991e-01,9.017000416460000167e+00,7.015767361410000547e+01,4.340241042230000090e+01,-3.961274394259999809e+01,-1.053650341360000056e+02,-3.746682630419999782e+01,1.297130836919999979e+02,1.681219631449999952e+02,-1.864379467859999906e+01,-9.975809629159999758e+01,-2.625638925160000170e+01
-9.314520187840000176e+01,-6.732819852020000440e+00,-1.932471419210000008e+01,-2.440385779329999849e+01,4.267787830230000168e+01,3.417942877170000315e+01,4.383642123500000309e+01,6.287050874519999866e+01,1.657886466509999934e+01,-1.086711793660000041e+02,-1.143376927139999992e+02,-1.864379467859999906e+01,2.179958037419999926e+02,7.532474409300000673e+01,-7.962930582010000080e+01
3.708720191679999800e+01,-9.722572383419999298e+00,3.854299091680000178e+00,-1.945398082180000099e+00,-8.762709617749999680e+00,-3.015969532329999936e+01,-2.043303214020000169e+01,6.894691804439999316e+01,8.294401934469999560e+01,-5.618088168809999949e+00,-1.402214917599999922e+02,-9.975809629159999758e+01,7.532474409300000673e+01,1.446778035819999957e+02,-2.330299333410000173e+00
2.959518920829999900e+01,-2.320603010780000020e+01,9.212496732520000009e+00,6.331450848370000273e+00,-1.751156291610000082e+01,-2.684970460659999958e+01,-1.243497890469999945e+01,-6.762499895170000386e+00,2.876747390770000123e+01,5.484078717540000270e+01,1.409993129050000071e+01,-2.625638925160000170e+01,-7.962930582010000080e+01,-2.330299333410000173e+00,9.108051245190000600e+01
1.395772211770000013e+03,2.320095430549999946e+02,-7.609334320439999999e+01,-8.718022012919999497e+01,2.861138225239999855e+01,9.361013725830000354e+00,3.990426526630000126e+01,-3.684077311890000317e+01,-2.926378839210000038e+01,-1.973825705499999970e+02,-1.664043087240000034e+02,-2.306640981580000016e+02,-1.474394546750000075e+02,-1.055176687769999972e+02,-7.488094629249999912e+01
2.320095430549999946e+02,5.316861676600000237e+02,6.959466071900000372e+01,1.037513388859999992e+02,9.126129234480000463e+00,-4.891972515799999854e+01,5.119604139940000209e+01,-7.842935871420000637e+01,-1.108313137060000031e+02,-1.523398837610000101e+02,-1.425765646270000104e+02,-8.363163375109999720e+01,-4.340782722510000013e+01,-7.893675827180000226e+01,-3.315599039500000345e+01
-7.609334320439999999e+01,6.959466071900000372e+01,2.180854498079999928e+02,3.856763327969999722e+01,-2.068102346019999871e+01,-2.005918248369999901e+01,1.206861730760000029e+01,-2.611924021629999970e+01,-1.756358891149999835e+01,-2.432072694920000089e+01,-1.509159015820000072e+01,-4.255413441889999859e+01,-4.897545219490000079e+01,-3.508456027030000257e+01,3.096038092770000105e+01
-8.718022012919999497e+01,1.037513388859999992e+02,3.856763327969999722e+01,1.513640577820000033e+02,5.015255196119999681e+01,-3.255900525359999875e+01,-2.065616558700000027e+01,-3.419581173360000292e+01,-5.384889173340000212e+01,-4.730992755470000333e+01,-2.410642617559999934e+01,3.160986744359999889e+01,2.022035832790000143e+01,-1.260183310520000077e+01,-1.884835670440000044e+01
2.861138225239999855e+01,9.126129234480000463e+00,-2.068102346019999871e+01,5.015255196119999681e+01,1.795575795949999929e+02,5.658324757399999960e+00,-3.880937160530000085e+01,-4.517297046670000071e+01,-1.768704363790000045e+01,-5.611802109860000343e+01,4.386254449239999964e+00,1.321081982359999962e+01,6.148786983130000294e+01,2.383242092349999908e+01,-4.141478797509999765e+01
9.361013725830000354e+00,-4.891972515799999854e+01,-2.005918248369999901e+01,-3.255900525359999875e+01,5.658324757399999960e+00,1.167476443900000049e+02,2.122665525469999892e+01,1.710911042209999877e+01,-6.843568499979999942e+00,2.825806531359999951e+01,5.318346252619999603e+00,-2.253628630020000045e+01,-2.409427556260000003e+01,7.853005360080000052e+00,-2.601825168600000016e+00
3.990426526630000126e+01,5.119604139940000209e+01,1.206861730760000029e+01,-2.065616558700000027e+01,-3.880937160530000085e+01,2.122665525469999892e+01,1.397109343479999950e+02,7.750606366709999584e+00,-3.194621642879999968e+01,-3.371358501750000158e+01,-1.642902780100000015e+01,-8.978732766169999380e+00,-1.471712746969999941e+01,-4.419894214549999845e+01,1.477082614999999954e+01
-3.684077311890000317e+01,-7.842935871420000637e+01,-2.611924021629999970e+01,-3.419581173360000292e+01,-4.517297046670000071e+01,1.710911042209999877e+01,7.750606366709999584e+00,1.284387842490000082e+02,4.157767313370000295e+01,1.290267120070000040e+01,3.573684940880000216e+00,-5.680915921809999602e+00,-2.342835797180000057e+01,3.256450749289999891e+01,1.791718827420000082e+01
-2.926378839210000038e+01,-1.108313137060000031e+02,-1.756358891149999835e+01,-5.384889173340000212e+01,-1.768704363790000045e+01,-6.843568499979999942e+00,-3.194621642879999968e+01,4.157767313370000295e+01,1.224698863750000015e+02,6.733593576430000383e+01,2.577588053539999891e+01,-1.965342791400000166e+01,-2.319739235649999998e+01,1.489243805389999942e+01,3.280703975520000149e-01
-1.973825705499999970e+02,-1.523398837610000101e+02,-2.432072694920000089e+01,-4.730992755470000333e+01,-5.611802109860000343e+01,2.825806531359999951e+01,-3.371358501750000158e+01,1.290267120070000040e+01,6.733593576430000383e+01,1.890261144469999977e+02,7.802845502319999582e+01,2.838182149229999851e+01,-1.460310665839999977e+01,1.209426785939999999e-01,7.776174484760000283e+00
-1.664043087240000034e+02,-1.425765646270000104e+02,-1.509159015820000072e+01,-2.410642617559999934e+01,4.386254449239999964e+00,5.318346252619999603e+00,-1.642902780100000015e+01,3.573684940880000216e+00,2.577588053539999891e+01,7.802845502319999582e+01,1.295370366680000132e+02,6.690852588110000454e+01,1.938971004960000144e+01,2.245755881970000090e+01,2.141231404710000064e+00
-2.306640981580000016e+02,-8.363163375109999720e+01,-4.255413441889999859e+01,3.160986744359999889e+01,1.321081982359999962e+01,-2.253628630020000045e+01,-8.978732766169999380e+00,-5.680915921809999602e+00,-1.965342791400000166e+01,2.838182149229999851e+01,6.690852588110000454e+01,1.729717044170000122e+02,1.021832720130000070e+02,1.183255647470000049e+01,-7.721078490290000040e+00
-1.474394546750000075e+02,-4.340782722510000013e+01,-4.897545219490000079e+01,2.022035832790000143e+01,6.148786983130000294e+01,-2.409427556260000003e+01,-1.471712746969999941e+01,-2.342835797180000057e+01,-2.319739235649999998e+01,-1.460310665839999977e+01,1.938971004960000144e+01,1.021832720130000070e+02,1.662060568189999969e+02,6.492793050519999554e+01,-1.766010731569999948e+01
-1.055176687769999972e+02,-7.893675827180000226e+01,-3.508456027030000257e+01,-1.260183310520000077e+01,2.383242092349999908e+01,7.853005360080000052e+00,-4.419894214549999845e+01,3.256450749289999891e+01,1.489243805389999942e+01,1.209426785939999999e-01,2.245755881970000090e+01,1.183255647470000049e+01,6.492793050519999554e+01,1.457309161039999879e+02,1.905826190550000021e+01
-7.488094629249999912e+01,-3.315599039500000345e+01,3.096038092770000105e+01,-1.884835670440000044e+01,-4.141478797509999765e+01,-2.601825168600000016e+00,1.477082614999999954e+01,1.791718827420000082e+01,3.280703975520000149e-01,7.776174484760000283e+00,2.141231404710000064e+00,-7.721078490290000040e+00,-1.766010731569999948e+01,1.905826190550000021e+01,1.021780811280000023e+02
4.253994199370000388e+03,-1.082853072220000058e+03,-2.163870913599999994e+02,-2.031610836979999988e+02,-2.559419588279999971e+02,2.629730003079999889e+01,9.056927389499999492e+01,-1.046136163900000042e+02,-2.805390959169999974e+02,-1.755380680510000104e+02,-5.838091272390000341e+01,-9.706793963030000327e+01,-1.073625673110000065e+02,1.488243173939999906e+02,8.495557788220000361e+01
-1.082853072220000058e+03,6.900370618120000472e+02,1.719003602630000103e+02,1.110716465959999937e+02,9.132076768459999982e+01,-4.221063679830000126e+01,-6.574062804880000499e+01,7.485600780449999547e+01,1.422803393419999907e+02,4.610148343350000033e+01,-3.845475794829999927e+01,-2.183602285730000148e+01,9.222727566859999726e+00,-1.031607719999999944e+02,-5.242396690780000057e+01
-2.163870913599999994e+02,1.719003602630000103e+02,2.546395463469999925e+02,9.256239146500000459e+01,3.803590474130000132e+01,4.723560815139999924e-01,-4.308459405770000217e+01,2.792431900269999989e+00,1.424593393490000004e+01,-8.750955010240000220e+00,-1.339912779399999998e+01,7.637604795719999728e+00,4.348649608919999743e+00,-3.575170707790000080e+01,-3.002560054630000153e+01
-2.031610836979999988e+02,1.110716465959999937e+02,9.256239146500000459e+01,2.054949861650000003e+02,7.186476169799999525e+01,1.171834020870000082e+01,-3.829861751100000333e+01,-2.335767848000000058e+01,-1.248569976169999940e+01,2.252956366920000164e+01,2.837594912490000176e+00,7.572373391810000243e+00,-2.555634075640000091e+01,-4.451970891199999869e+01,-4.604356901850000128e+01
-2.559419588279999971e+02,9.132076768459999982e+01,3.803590474130000132e+01,7.186476169799999525e+01,1.717145010559999889e+02,2.574415356960000167e+01,1.094649250580000022e+01,-2.937792367699999829e+01,-8.936203640190000241e-01,-8.911798457459999767e+00,4.599387851179999842e+01,1.048641769730000028e+01,-2.733963937540000089e+01,-6.311946698660000266e+01,-2.149360343300000054e+01
2.629730003079999889e+01,-4.221063679830000126e+01,4.723560815139999924e-01,1.171834020870000082e+01,2.574415356960000167e+01,1.359536836849999872e+02,2.455590053230000080e+01,-3.013141149459999824e+01,-9.114865504860000556e+01,-2.018651113680000009e+01,3.143679761539999973e+01,5.406957199309999851e+01,-3.158049948309999877e+01,-1.139408363279999925e+01,-1.076502335740000049e+01
9.056927389499999492e+01,-6.574062804880000499e+01,-4.308459405770000217e+01,-3.829861751100000333e+01,1.094649250580000022e+01,2.455590053230000080e+01,1.842023332230000108e+02,4.762588513629999909e+01,-3.812609080210000201e+01,-1.004311912950000050e+02,-6.926075947600000227e+00,4.328336498049999648e+01,9.540784696359999373e+00,-3.488992440069999645e+01,1.065130343510000088e+01
-1.046136163900000042e+02,7.485600780449999547e+01,2.792431900269999989e+00,-2.335767848000000058e+01,-2.937792367699999829e+01,-3.013141149459999824e+01,4.762588513629999909e+01,2.143735822799999937e+02,9.797814515449999817e+01,-7.884387581430000580e+01,-1.391374882650000018e+02,-1.975834392520000038e-01,8.818510211039999547e+01,1.410735590540000040e+01,-9.582507443520000834e+00
-2.805390959169999974e+02,1.422803393419999907e+02,1.424593393490000004e+01,-1.248569976169999940e+01,-8.936203640190000241e-01,-9.114865504860000556e+01,-3.812609080210000201e+01,9.797814515449999817e+01,2.456048399309999866e+02,5.052442702860000168e+01,-1.037814803410000053e+02,-8.960185447050000107e+01,7.583940641140000594e+01,2.001008795039999910e+01,-2.502743325850000033e+01
-1.755380680510000104e+02,4.610148343350000033e+01,-8.750955010240000220e+00,2.252956366920000164e+01,-8.911798457459999767e+00,-2.018651113680000009e+01,-1.004311912950000050e+02,-7.884387581430000580e+01,5.052442702860000168e+01,2.172283838209999942e+02,7.442732820370000013e+01,-7.937615207630000214e+01,-6.868317003830000544e+01,1.473055148239999923e+01,-1.597928666170000067e+00
-5.838091272390000341e+01,-3.845475794829999927e+01,-1.339912779399999998e+01,2.837594912490000176e+00,4.599387851179999842e+01,3.143679761539999973e+01,-6.926075947600000227e+00,-1.391374882650000018e+02,-1.037814803410000053e+02,7.442732820370000013e+01,2.342836186979999979e+02,5.145357156690000267e+01,-1.456267889089999983e+02,-5.365676909889999990e+01,2.662348413329999985e+01
-9.706793963030000327e+01,-2.183602285730000148e+01,7.637604795719999728e+00,7.572373391810000243e+00,1.048641769730000028e+01,5.406957199309999851e+01,4.328336498049999648e+01,-1.975834392520000038e-01,-8.960185447050000107e+01,-7.937615207630000214e+01,5.145357156690000267e+01,2.013432911380000121e+02,-5.532963599110000352e+00,-6.793524599369999351e+01,-8.548432395900000813e+00
-1.073625673110000065e+02,9.222727566859999726e+00,4.348649608919999743e+00,-2.555634075640000091e+01,-2.733963937540000089e+01,-3.158049948309999877e+01,9.540784696359999373e+00,8.818510211039999547e+01,7.583940641140000594e+01,-6.868317003830000544e+01,-1.456267889089999983e+02,-5.532963599110000352e+00,2.037219708529999878e+02,6.259655119309999804e+01,-2.891345086320000135e+01
1.488243173939999906e+02,-1.031607719999999944e+02,-3.575170707790000080e+01,-4.451970891199999869e+01,-6.311946698660000266e+01,-1.139408363279999925e+01,-3.488992440069999645e+01,1.410735590540000040e+01,2.001008795039999910e+01,1.473055148239999923e+01,-5.365676909889999990e+01,-6.793524599369999351e+01,6.259655119309999804e+01,1.587519020029999979e+02,1.839107304939999921e+01
